0 0
1 0
2 0
3 0
4 0
5 0
6 0
7 0
8 0
9 0
10 0
11 0
12 0
13 0
14 0
15 0
16 0
17 0
18 0
19 0
20 0
21 0
22 0
23 0
24 0
25 0
26 0
27 0
28 0
29 0
30 0
31 0
32 0
33 0
34 0
35 0
36 0
37 0
38 0
39 0
40 0
41 0
42 0
43 0
44 0
45 0
46 0
47 0
48 0
49 0
50 0
51 0
52 0
53 0
54 0
55 0
56 0
57 0
58 0
59 0
60 0
61 0
62 0
63 0
64 0
65 0
66 0
67 0
68 0
69 0
70 0
71 0
72 0
73 0
74 0
75 0
76 0
77 0
78 0
79 0
80 0
81 0
82 0
83 0
84 0
85 0
86 0
87 0
88 0
89 0
90 0
91 0
92 0
93 0
94 0
95 0
96 0
97 0
98 0
99 0
100 0
101 0
102 0
103 0
104 0
105 0
106 0
107 0
108 0
109 0
110 0
111 0
112 0
113 0
114 0
115 0
116 0
117 0
118 0
119 0
120 0
121 0
122 0
123 0
124 0
125 0
126 0
127 0
128 0
129 0
130 0
131 0
132 0
133 0
134 0
135 0
136 0
137 0
138 0
139 0
140 0
141 0
142 0
143 0
144 0
145 0
146 0
147 0
148 0
149 0
150 0
151 0
152 0
153 0
154 0
155 0
156 0
157 0
158 0
159 0
160 0
161 0
162 0
163 0
164 0
165 0
166 0
167 0
168 0
169 0
170 0
171 0
172 0
173 0
174 0
175 0
176 0
177 0
178 0
179 0
180 0
181 0
182 0
183 0
184 0
185 0
186 0
187 0
188 0
189 0
190 0
191 0
192 0
193 0
194 0
195 0
196 0
197 0
198 0
199 0
200 0
201 0
202 0
203 0
204 0
205 0
206 0
207 0
208 0
209 0
210 0
211 0
212 0
213 0
214 0
215 0
216 0
217 0
218 0
219 0
220 0
221 0
222 0
223 0
224 0
225 0
226 0
227 0
228 0
229 0
230 0
231 0
232 0
233 0
234 0
235 0
236 0
237 0
238 0
239 0
240 0
241 0
242 0
243 0
244 0
245 0
246 0
247 0
248 0
249 0
250 0
251 0
252 0
253 0
254 0
255 0
256 0
257 0
258 0
259 0
260 0
261 0
262 0
263 0
264 0
265 0
266 0
267 0
268 0
269 0
270 0
271 0
272 0
273 0
274 0
275 0
276 0
277 0
278 0
279 0
280 0
281 0
282 0
283 0
284 0
285 0
286 0
287 0
288 0
289 0
290 0
291 0
292 0
293 0
294 0
295 0
296 0
297 0
298 0
299 0
300 0
301 0
302 0
303 0
304 0
305 0
306 0
307 0
308 0
309 0
310 0
311 0
312 0
313 0
314 0
315 0
316 0
317 0
318 0
319 0
320 0
321 0
322 0
323 0
324 0
325 0
326 0
327 0
328 0
329 0
330 0
331 0
332 0
333 0
334 0
335 0
336 0
337 0
338 0
339 0
340 0
341 0
342 0
343 0
344 0
345 0
346 0
347 0
348 0
349 0
350 0
351 0
352 0
353 0
354 0
355 0
356 0
357 0
358 0
359 0
360 0
361 0
362 0
363 0
364 0
365 0
366 0
367 0
368 0
369 0
370 0
371 0
372 0
373 0
374 0
375 0
376 0
377 0
378 0
379 0
380 0
381 0
382 0
383 0
384 0
385 0
386 0
387 0
388 0
389 0
390 0
391 0
392 0
393 0
394 0
395 0
396 0
397 0
398 0
399 0
400 0
401 0
402 0
403 0
404 0
405 0
406 0
407 0
408 0
409 0
410 0
411 0
412 0
413 0
414 0
415 0
416 0
417 0
418 0
419 0
420 0
421 0
422 0
423 0
424 0
425 0
426 0
427 0
428 0
429 0
430 0
431 0
432 0
433 0
434 0
435 0
436 0
437 0
438 0
439 0
440 0
441 0
442 0
443 0
444 0
445 0
446 0
447 0
448 0
449 0
450 0
451 0
452 0
453 0
454 0
455 0
456 0
457 0
458 0
459 0
460 0
461 0
462 0
463 0
464 0
465 0
466 0
467 0
468 0
469 0
470 0
471 0
472 0
473 0
474 0
475 0
476 0
477 0
478 0
479 0
480 0
481 0
482 0
483 0
484 0
485 0
486 0
487 0
488 0
489 0
490 0
491 0
492 0
493 0
494 0
495 0
496 0
497 0
498 0
499 0
500 0
501 0
502 0
503 0
504 0
505 0
506 0
507 0
508 0
509 0
510 0
511 0
512 0
513 0
514 0
515 0
516 0
517 0
518 0
519 0
520 0
521 0
522 0
523 0
524 0
525 0
526 0
527 0
528 0
529 0
530 0
531 0
532 0
533 0
534 0
535 0
536 0
537 0
538 0
539 0
540 0
541 0
542 0
543 0
544 0
545 0
546 0
547 0
548 0
549 0
550 0
551 0
552 0
553 0
554 0
555 0
556 0
557 0
558 0
559 0
560 0
561 0
562 0
563 0
564 0
565 0
566 0
567 0
568 0
569 0
570 0
571 0
572 0
573 0
574 0
575 0
576 0
577 0
578 0
579 0
580 0
581 0
582 0
583 0
584 0
585 0
586 0
587 0
588 0
589 0
590 0
591 0
592 0
593 0
594 0
595 0
596 0
597 0
598 0
599 0
600 0
601 0
602 0
603 0
604 0
605 0
606 0
607 0
608 0
609 0
610 0
611 0
612 0
613 0
614 0
615 0
616 0
617 0
618 0
619 0
620 0
621 0
622 0
623 0
624 0
625 0
626 0
627 0
628 0
629 0
630 0
631 0
632 0
633 0
634 0
635 0
636 0
637 0
638 0
639 0
640 0
641 0
642 0
643 0
644 0
645 0
646 0
647 0
648 0
649 0
650 0
651 0
652 0
653 0
654 0
655 0
656 0
657 0
658 0
659 0
660 0
661 0
662 0
663 0
664 0
665 0
666 0
667 0
668 0
669 0
670 0
671 0
672 0
673 0
674 0
675 0
676 0
677 0
678 0
679 0
680 0
681 0
682 0
683 0
684 0
685 0
686 0
687 0
688 0
689 0
690 0
691 0
692 0
693 0
694 0
695 0
696 0
697 0
698 0
699 0
700 0
701 0
702 0
703 0
704 0
705 0
706 0
707 0
708 0
709 0
710 0
711 0
712 0
713 0
714 0
715 0
716 0
717 0
718 0
719 0
720 0
721 0
722 0
723 0
724 0
725 0
726 0
727 0
728 0
729 0
730 0
731 0
732 0
733 0
734 0
735 0
736 0
737 0
738 0
739 0
740 0
741 0
742 0
743 0
744 0
745 0
746 0
747 0
748 0
749 0
750 0
751 0
752 0
753 0
754 0
755 0
756 0
757 0
758 0
759 0
760 0
761 0
762 0
763 0
764 0
765 0
766 0
767 0
768 0
769 0
770 0
771 0
772 0
773 0
774 0
775 0
776 0
777 0
778 0
779 0
780 0
781 0
782 0
783 0
784 0
785 0
786 0
787 0
788 0
789 0
790 0
791 0
792 0
793 0
794 0
795 0
796 0
797 0
798 0
799 0
800 0
801 0
802 0
803 0
804 0
805 0
806 0
807 0
808 0
809 0
810 0
811 0
812 0
813 0
814 0
815 0
816 0
817 0
818 0
819 0
820 0
821 0
822 0
823 0
824 0
825 0
826 0
827 0
828 0
829 0
830 0
831 0
832 0
833 0
834 0
835 0
836 0
837 0
838 0
839 0
840 0
841 0
842 0
843 0
844 0
845 0
846 0
847 0
848 0
849 0
850 0
851 0
852 0
853 0
854 0
855 0
856 0
857 0
858 0
859 0
860 0
861 0
862 0
863 0
864 0
865 0
866 0
867 0
868 0
869 0
870 0
871 0
872 0
873 0
874 0
875 0
876 0
877 0
878 0
879 0
880 0
881 0
882 0
883 0
884 0
885 0
886 0
887 0
888 0
889 0
890 0
891 0
892 0
893 0
894 0
895 0
896 0
897 0
898 0
899 0
900 0
901 0
902 0
903 0
904 0
905 0
906 0
907 0
908 0
909 0
910 0
911 0
912 0
913 0
914 0
915 0
916 0
917 0
918 0
919 0
920 0
921 0
922 0
923 0
924 0
925 0
926 0
927 0
928 0
929 0
930 0
931 0
932 0
933 0
934 0
935 0
936 0
937 0
938 0
939 0
940 0
941 0
942 0
943 0
944 0
945 0
946 0
947 0
948 0
949 0
950 0
951 0
952 0
953 0
954 0
955 0
956 0
957 0
958 0
959 0
960 0
961 0
962 0
963 0
964 0
965 0
966 0
967 0
968 0
969 0
970 0
971 0
972 0
973 0
974 0
975 0
976 0
977 0
978 0
979 0
980 0
981 0
982 0
983 0
984 0
985 0
986 0
987 0
988 0
989 0
990 0
991 0
992 0
993 0
994 0
995 0
996 0
997 0
998 0
999 0
1000 0
1001 0
1002 0
1003 0
1004 0
1005 0
1006 0
1007 0
1008 0
1009 0
1010 0
1011 0
1012 0
1013 0
1014 0
1015 0
1016 0
1017 0
1018 0
1019 0
1020 0
1021 0
1022 0
1023 0
1024 0
1025 0
1026 0
1027 0
1028 0
1029 0
1030 0
1031 0
1032 0
1033 0
1034 0
1035 0
1036 0
1037 0
1038 0
1039 0
1040 0
1041 0
1042 0
1043 0
1044 0
1045 0
1046 0
1047 0
1048 0
1049 0
1050 0
1051 0
1052 0
1053 0
1054 0
1055 0
1056 0
1057 0
1058 0
1059 0
1060 0
1061 0
1062 0
1063 0
1064 0
1065 0
1066 0
1067 0
1068 0
1069 0
1070 0
1071 0
1072 0
1073 0
1074 0
1075 0
1076 0
1077 0
1078 0
1079 0
1080 0
1081 0
1082 0
1083 0
1084 0
1085 0
1086 0
1087 0
1088 0
1089 0
1090 0
1091 0
1092 0
1093 0
1094 0
1095 0
1096 0
1097 0
1098 0
1099 0
1100 0
1101 0
1102 0
1103 0
1104 0
1105 0
1106 0
1107 0
1108 0
1109 0
1110 0
1111 0
1112 0
1113 0
1114 0
1115 0
1116 0
1117 0
1118 0
1119 0
1120 0
1121 0
1122 0
1123 0
1124 0
1125 0
1126 0
1127 0
1128 0
1129 0
1130 0
1131 0
1132 0
1133 0
1134 0
1135 0
1136 0
1137 0
1138 0
1139 0
1140 0
1141 0
1142 0
1143 0
1144 0
1145 0
1146 0
1147 0
1148 0
1149 0
1150 0
1151 0
1152 0
1153 0
1154 0
1155 0
1156 0
1157 0
1158 0
1159 0
1160 0
1161 0
1162 0
1163 0
1164 0
1165 0
1166 0
1167 0
1168 0
1169 0
1170 0
1171 0
1172 0
1173 0
1174 0
1175 0
1176 0
1177 0
1178 0
1179 0
1180 0
1181 0
1182 0
1183 0
1184 0
1185 0
1186 0
1187 0
1188 0
1189 0
1190 0
1191 0
1192 0
1193 0
1194 0
1195 0
1196 0
1197 0
1198 0
1199 0
1200 0
1201 0
1202 0
1203 0
1204 0
1205 0
1206 0
1207 0
1208 0
1209 0
1210 0
1211 0
1212 0
1213 0
1214 0
1215 0
1216 0
1217 0
1218 0
1219 0
1220 0
1221 0
1222 0
1223 0
1224 0
1225 0
1226 0
1227 0
1228 0
1229 0
1230 0
1231 0
1232 0
1233 0
1234 0
1235 0
1236 0
1237 0
1238 0
1239 0
1240 0
1241 0
1242 0
1243 0
1244 0
1245 0
1246 0
1247 0
1248 0
1249 0
1250 0
1251 0
1252 0
1253 0
1254 0
1255 0
1256 0
1257 0
1258 0
1259 0
1260 0
1261 0
1262 0
1263 0
1264 0
1265 0
1266 0
1267 0
1268 0
1269 0
1270 0
1271 0
1272 0
1273 0
1274 0
1275 0
1276 0
1277 0
1278 0
1279 0
1280 0
1281 0
1282 0
1283 0
1284 0
1285 0
1286 0
1287 0
1288 0
1289 0
1290 0
1291 0
1292 0
1293 0
1294 0
1295 0
1296 0
1297 0
1298 0
1299 0
1300 0
1301 0
1302 0
1303 0
1304 0
1305 0
1306 0
1307 0
1308 0
1309 0
1310 0
1311 0
1312 0
1313 0
1314 0
1315 0
1316 0
1317 0
1318 0
1319 0
1320 0
1321 0
1322 0
1323 0
1324 0
1325 0
1326 0
1327 0
1328 0
1329 0
1330 0
1331 0
1332 0
1333 0
1334 0
1335 0
1336 0
1337 0
1338 0
1339 0
1340 0
1341 0
1342 0
1343 0
1344 0
1345 0
1346 0
1347 0
1348 0
1349 0
1350 0
1351 0
1352 0
1353 0
1354 0
1355 0
1356 0
1357 0
1358 0
1359 0
1360 0
1361 0
1362 0
1363 0
1364 0
1365 0
1366 0
1367 0
1368 0
1369 0
1370 0
1371 0
1372 0
1373 0
1374 0
1375 0
1376 0
1377 0
1378 0
1379 0
1380 0
1381 0
1382 0
1383 0
1384 0
1385 0
1386 0
1387 0
1388 0
1389 0
1390 0
1391 0
1392 0
1393 0
1394 0
1395 0
1396 0
1397 0
1398 0
1399 0
1400 0
1401 0
1402 0
1403 0
1404 0
1405 0
1406 0
1407 0
1408 0
1409 0
1410 0
1411 0
1412 0
1413 0
1414 0
1415 0
1416 0
1417 0
1418 0
1419 0
1420 0
1421 0
1422 0
1423 0
1424 0
1425 0
1426 0
1427 0
1428 0
1429 0
1430 0
1431 0
1432 0
1433 0
1434 0
1435 0
1436 0
1437 0
1438 0
1439 0
1440 0
1441 0
1442 0
1443 0
1444 0
1445 0
1446 0
1447 0
1448 0
1449 0
1450 0
1451 0
1452 0
1453 0
1454 0
1455 0
1456 0
1457 0
1458 0
1459 0
1460 0
1461 0
1462 0
1463 0
1464 0
1465 0
1466 0
1467 0
1468 0
1469 0
1470 0
1471 0
1472 0
1473 0
1474 0
1475 0
1476 0
1477 0
1478 0
1479 0
1480 0
1481 0
1482 0
1483 0
1484 0
1485 0
1486 0
1487 0
1488 0
1489 0
1490 0
1491 0
1492 0
1493 0
1494 0
1495 0
1496 0
1497 0
1498 0
1499 0
1500 0
1501 0
1502 0
1503 0
1504 0
1505 0
1506 0
1507 0
1508 0
1509 0
1510 0
1511 0
1512 0
1513 0
1514 0
1515 0
1516 0
1517 0
1518 0
1519 0
1520 0
1521 0
1522 0
1523 0
1524 0
1525 0
1526 0
1527 0
1528 0
1529 0
1530 0
1531 0
1532 0
1533 0
1534 0
1535 0
1536 0
1537 0
1538 0
1539 0
1540 0
1541 0
1542 0
1543 0
1544 0
1545 0
1546 0
1547 0
1548 0
1549 0
1550 0
1551 0
1552 0
1553 0
1554 0
1555 0
1556 0
1557 0
1558 0
1559 0
1560 0
1561 0
1562 0
1563 0
1564 0
1565 0
1566 0
1567 0
1568 0
1569 0
1570 0
1571 0
1572 0
1573 0
1574 0
1575 0
1576 0
1577 0
1578 0
1579 0
1580 0
1581 0
1582 0
1583 0
1584 0
1585 0
1586 0
1587 0
1588 0
1589 0
1590 0
1591 0
1592 0
1593 0
1594 0
1595 0
1596 0
1597 0
1598 0
1599 0
1600 0
1601 0
1602 0
1603 0
1604 0
1605 0
1606 0
1607 0
1608 0
1609 0
1610 0
1611 0
1612 0
1613 0
1614 0
1615 0
1616 0
1617 0
1618 0
1619 0
1620 0
1621 0
1622 0
1623 0
1624 0
1625 0
1626 0
1627 0
1628 0
1629 0
1630 0
1631 0
1632 0
1633 0
1634 0
1635 0
1636 0
1637 0
1638 0
1639 0
1640 0
1641 0
1642 0
1643 0
1644 0
1645 0
1646 0
1647 0
1648 0
1649 0
1650 0
1651 0
1652 0
1653 0
1654 0
1655 0
1656 0
1657 0
1658 0
1659 0
1660 0
1661 0
1662 0
1663 0
1664 0
1665 0
1666 0
1667 0
1668 0
1669 0
1670 0
1671 0
1672 0
1673 0
1674 0
1675 0
1676 0
1677 0
1678 0
1679 0
1680 0
1681 0
1682 0
1683 0
1684 0
1685 0
1686 0
1687 0
1688 0
1689 0
1690 0
1691 0
1692 0
1693 0
1694 0
1695 0
1696 0
1697 0
1698 0
1699 0
1700 0
1701 0
1702 0
1703 0
1704 0
1705 0
1706 0
1707 0
1708 0
1709 0
1710 0
1711 0
1712 0
1713 0
1714 0
1715 0
1716 0
1717 0
1718 0
1719 0
1720 0
1721 0
1722 0
1723 0
1724 0
1725 0
1726 0
1727 0
1728 0
1729 0
1730 0
1731 0
1732 0
1733 0
1734 0
1735 0
1736 0
1737 0
1738 0
1739 0
1740 0
1741 0
1742 0
1743 0
1744 0
1745 0
1746 0
1747 0
1748 0
1749 0
1750 0
1751 0
1752 0
1753 0
1754 0
1755 0
1756 0
1757 0
1758 0
1759 0
1760 0
1761 0
1762 0
1763 0
1764 0
1765 0
1766 0
1767 0
1768 0
1769 0
1770 0
1771 0
1772 0
1773 0
1774 0
1775 0
1776 0
1777 0
1778 0
1779 0
1780 0
1781 0
1782 0
1783 0
1784 0
1785 0
1786 0
1787 0
1788 0
1789 0
1790 0
1791 0
1792 0
1793 0
1794 0
1795 0
1796 0
1797 0
1798 0
1799 0
1800 0
1801 0
1802 0
1803 0
1804 0
1805 0
1806 0
1807 0
1808 0
1809 0
1810 0
1811 0
1812 0
1813 0
1814 0
1815 0
1816 0
1817 0
1818 0
1819 0
1820 0
1821 0
1822 0
1823 0
1824 0
1825 0
1826 0
1827 0
1828 0
1829 0
1830 0
1831 0
1832 0
1833 0
1834 0
1835 0
1836 0
1837 0
1838 0
1839 0
1840 0
1841 0
1842 0
1843 0
1844 0
1845 0
1846 0
1847 0
1848 0
1849 0
1850 0
1851 0
1852 0
1853 0
1854 0
1855 0
1856 0
1857 0
1858 0
1859 0
1860 0
1861 0
1862 0
1863 0
1864 0
1865 0
1866 0
1867 0
1868 0
1869 0
1870 0
1871 0
1872 0
1873 0
1874 0
1875 0
1876 0
1877 0
1878 0
1879 0
1880 0
1881 0
1882 0
1883 0
1884 0
1885 0
1886 0
1887 0
1888 0
1889 0
1890 0
1891 0
1892 0
1893 0
1894 0
1895 0
1896 0
1897 0
1898 0
1899 0
1900 0
1901 0
1902 0
1903 0
1904 0
1905 0
1906 0
1907 0
1908 0
1909 0
1910 0
1911 0
1912 0
1913 0
1914 0
1915 0
1916 0
1917 0
1918 0
1919 0
1920 0
1921 0
1922 0
1923 0
1924 0
1925 0
1926 0
1927 0
1928 0
1929 0
1930 0
1931 0
1932 0
1933 0
1934 0
1935 0
1936 0
1937 0
1938 0
1939 0
1940 0
1941 0
1942 0
1943 0
1944 0
1945 0
1946 0
1947 0
1948 0
1949 0
1950 0
1951 0
1952 0
1953 0
1954 0
1955 0
1956 0
1957 0
1958 0
1959 0
1960 0
1961 0
1962 0
1963 0
1964 0
1965 0
1966 0
1967 0
1968 0
1969 0
1970 0
1971 0
1972 0
1973 0
1974 0
1975 0
1976 0
1977 0
1978 0
1979 0
1980 0
1981 0
1982 0
1983 0
1984 0
1985 0
1986 0
1987 0
1988 0
1989 0
1990 0
1991 0
1992 0
1993 0
1994 0
1995 0
1996 0
1997 0
1998 0
1999 0
2000 0
2001 0
2002 0
2003 0
2004 0
2005 0
2006 0
2007 0
2008 0
2009 0
2010 0
2011 0
2012 0
2013 0
2014 0
2015 0
2016 0
2017 0
2018 0
2019 0
2020 0
2021 0
2022 0
2023 0
2024 0
2025 0
2026 0
2027 0
2028 0
2029 0
2030 0
2031 0
2032 0
2033 0
2034 0
2035 0
2036 0
2037 0
2038 0
2039 0
2040 0
2041 0
2042 0
2043 0
2044 0
2045 0
2046 0
2047 0
2048 0
2049 0
2050 0
2051 0
2052 0
2053 0
2054 0
2055 0
2056 0
2057 0
2058 0
2059 0
2060 0
2061 0
2062 0
2063 0
2064 0
2065 0
2066 0
2067 0
2068 0
2069 0
2070 0
2071 0
2072 0
2073 0
2074 0
2075 0
2076 0
2077 0
2078 0
2079 0
2080 0
2081 0
2082 0
2083 0
2084 0
2085 0
2086 0
2087 0
2088 0
2089 0
2090 0
2091 0
2092 0
2093 0
2094 0
2095 0
2096 0
2097 0
2098 0
2099 0
2100 0
2101 0
2102 0
2103 0
2104 0
2105 0
2106 0
2107 0
2108 0
2109 0
2110 0
2111 0
2112 0
2113 0
2114 0
2115 0
2116 0
2117 0
2118 0
2119 0
2120 0
2121 0
2122 0
2123 0
2124 0
2125 0
2126 0
2127 0
2128 0
2129 0
2130 0
2131 0
2132 0
2133 0
2134 0
2135 0
2136 0
2137 0
2138 0
2139 0
2140 0
2141 0
2142 0
2143 0
2144 0
2145 0
2146 0
2147 0
2148 0
2149 0
2150 0
2151 0
2152 0
2153 0
2154 0
2155 0
2156 0
2157 0
2158 0
2159 0
2160 0
2161 0
2162 0
2163 0
2164 0
2165 0
2166 0
2167 0
2168 0
2169 0
2170 0
2171 0
2172 0
2173 0
2174 0
2175 0
2176 0
2177 0
2178 0
2179 0
2180 0
2181 0
2182 0
2183 0
2184 0
2185 0
2186 0
2187 0
2188 0
2189 0
2190 0
2191 0
2192 0
2193 0
2194 0
2195 0
2196 0
2197 0
2198 0
2199 0
2200 0
2201 0
2202 0
2203 0
2204 0
2205 0
2206 0
2207 0
2208 0
2209 0
2210 0
2211 0
2212 0
2213 0
2214 0
2215 0
2216 0
2217 0
2218 0
2219 0
2220 0
2221 0
2222 0
2223 0
2224 0
2225 0
2226 0
2227 0
2228 0
2229 0
2230 0
2231 0
2232 0
2233 0
2234 0
2235 0
2236 0
2237 0
2238 0
2239 0
2240 0
2241 0
2242 0
2243 0
2244 0
2245 0
2246 0
2247 0
2248 0
2249 0
2250 0
2251 0
2252 0
2253 0
2254 0
2255 0
2256 0
2257 0
2258 0
2259 0
2260 0
2261 0
2262 0
2263 0
2264 0
2265 0
2266 0
2267 0
2268 0
2269 0
2270 0
2271 0
2272 0
2273 0
2274 0
2275 0
2276 0
2277 0
2278 0
2279 0
2280 0
2281 0
2282 0
2283 0
2284 0
2285 0
2286 0
2287 0
2288 0
2289 0
2290 0
2291 0
2292 0
2293 0
2294 0
2295 0
2296 0
2297 0
2298 0
2299 0
2300 0
2301 0
2302 0
2303 0
2304 0
2305 0
2306 0
2307 0
2308 0
2309 0
2310 0
2311 0
2312 0
2313 0
2314 0
2315 0
2316 0
2317 0
2318 0
2319 0
2320 0
2321 0
2322 0
2323 0
2324 0
2325 0
2326 0
2327 0
2328 0
2329 0
2330 0
2331 0
2332 0
2333 0
2334 0
2335 0
2336 0
2337 0
2338 0
2339 0
2340 0
2341 0
2342 0
2343 0
2344 0
2345 0
2346 0
2347 0
2348 0
2349 0
2350 0
2351 0
2352 0
2353 0
2354 0
2355 0
2356 0
2357 0
2358 0
2359 0
2360 0
2361 0
2362 0
2363 0
2364 0
2365 0
2366 0
2367 0
2368 0
2369 0
2370 0
2371 0
2372 0
2373 0
2374 0
2375 0
2376 0
2377 0
2378 0
2379 0
2380 0
2381 0
2382 0
2383 0
2384 0
2385 0
2386 0
2387 0
2388 0
2389 0
2390 0
2391 0
2392 0
2393 0
2394 0
2395 0
2396 0
2397 0
2398 0
2399 0
2400 0
2401 0
2402 0
2403 0
2404 0
2405 0
2406 0
2407 0
2408 0
2409 0
2410 0
2411 0
2412 0
2413 0
2414 0
2415 0
2416 0
2417 0
2418 0
2419 0
2420 0
2421 0
2422 0
2423 0
2424 0
2425 0
2426 0
2427 0
2428 0
2429 0
2430 0
2431 0
2432 0
2433 0
2434 0
2435 0
2436 0
2437 0
2438 0
2439 0
2440 0
2441 0
2442 0
2443 0
2444 0
2445 0
2446 0
2447 0
2448 0
2449 0
2450 0
2451 0
2452 0
2453 0
2454 0
2455 0
2456 0
2457 0
2458 0
2459 0
2460 0
2461 0
2462 0
2463 0
2464 0
2465 0
2466 0
2467 0
2468 0
2469 0
2470 0
2471 0
2472 0
2473 0
2474 0
2475 0
2476 0
2477 0
2478 0
2479 0
2480 0
2481 0
2482 0
2483 0
2484 0
2485 0
2486 0
2487 0
2488 0
2489 0
2490 0
2491 0
2492 0
2493 0
2494 0
2495 0
2496 0
2497 0
2498 0
2499 0
2500 0
2501 0
2502 0
2503 0
2504 0
2505 0
2506 0
2507 0
2508 0
2509 0
2510 0
2511 0
2512 0
2513 0
2514 0
2515 0
2516 0
2517 0
2518 0
2519 0
2520 0
2521 0
2522 0
2523 0
2524 0
2525 0
2526 0
2527 0
2528 0
2529 0
2530 0
2531 0
2532 0
2533 0
2534 0
2535 0
2536 0
2537 0
2538 0
2539 0
2540 0
2541 0
2542 0
2543 0
2544 0
2545 0
2546 0
2547 0
2548 0
2549 0
2550 0
2551 0
2552 0
2553 0
2554 0
2555 0
2556 0
2557 0
2558 0
2559 0
2560 0
2561 0
2562 0
2563 0
2564 0
2565 0
2566 0
2567 0
2568 0
2569 0
2570 0
2571 0
2572 0
2573 0
2574 0
2575 0
2576 0
2577 0
2578 0
2579 0
2580 0
2581 0
2582 0
2583 0
2584 0
2585 0
2586 0
2587 0
2588 0
2589 0
2590 0
2591 0
2592 0
2593 0
2594 0
2595 0
2596 0
2597 0
2598 0
2599 0
2600 0
2601 0
2602 0
2603 0
2604 0
2605 0
2606 0
2607 0
2608 0
2609 0
2610 0
2611 0
2612 0
2613 0
2614 0
2615 0
2616 0
2617 0
2618 0
2619 0
2620 0
2621 0
2622 0
2623 0
2624 0
2625 0
2626 0
2627 0
2628 0
2629 0
2630 0
2631 0
2632 0
2633 0
2634 0
2635 0
2636 0
2637 0
2638 0
2639 0
2640 0
2641 0
2642 0
2643 0
2644 0
2645 0
2646 0
2647 0
2648 0
2649 0
2650 0
2651 0
2652 0
2653 0
2654 0
2655 0
2656 0
2657 0
2658 0
2659 0
2660 0
2661 0
2662 0
2663 0
2664 0
2665 0
2666 0
2667 0
2668 0
2669 0
2670 0
2671 0
2672 0
2673 0
2674 0
2675 0
2676 0
2677 0
2678 0
2679 0
2680 0
2681 0
2682 0
2683 0
2684 0
2685 0
2686 0
2687 0
2688 0
2689 0
2690 0
2691 0
2692 0
2693 0
2694 0
2695 0
2696 0
2697 0
2698 0
2699 0
2700 0
2701 0
2702 0
2703 0
2704 0
2705 0
2706 0
2707 0
2708 0
2709 0
2710 0
2711 0
2712 0
2713 0
2714 0
2715 0
2716 0
2717 0
2718 0
2719 0
2720 0
2721 0
2722 0
2723 0
2724 0
2725 0
2726 0
2727 0
2728 0
2729 0
2730 0
2731 0
2732 0
2733 0
2734 0
2735 0
2736 0
2737 0
2738 0
2739 0
2740 0
2741 0
2742 0
2743 0
2744 0
2745 0
2746 0
2747 0
2748 0
2749 0
2750 0
2751 0
2752 0
2753 0
2754 0
2755 0
2756 0
2757 0
2758 0
2759 0
2760 0
2761 0
2762 0
2763 0
2764 0
2765 0
2766 0
2767 0
2768 0
2769 0
2770 0
2771 0
2772 0
2773 0
2774 0
2775 0
2776 0
2777 0
2778 0
2779 0
2780 0
2781 0
2782 0
2783 0
2784 0
2785 0
2786 0
2787 0
2788 0
2789 0
2790 0
2791 0
2792 0
2793 0
2794 0
2795 0
2796 0
2797 0
2798 0
2799 0
2800 0
2801 0
2802 0
2803 0
2804 0
2805 0
2806 0
2807 0
2808 0
2809 0
2810 0
2811 0
2812 0
2813 0
2814 0
2815 0
2816 0
2817 0
2818 0
2819 0
2820 0
2821 0
2822 0
2823 0
2824 0
2825 0
2826 0
2827 0
2828 0
2829 0
2830 0
2831 0
2832 0
2833 0
2834 0
2835 0
2836 0
2837 0
2838 0
2839 0
2840 0
2841 0
2842 0
2843 0
2844 0
2845 0
2846 0
2847 0
2848 0
2849 0
2850 0
2851 0
2852 0
2853 0
2854 0
2855 0
2856 0
2857 0
2858 0
2859 0
2860 0
2861 0
2862 0
2863 0
2864 0
2865 0
2866 0
2867 0
2868 0
2869 0
2870 0
2871 0
2872 0
2873 0
2874 0
2875 0
2876 0
2877 0
2878 0
2879 0
2880 0
2881 0
2882 0
2883 0
2884 0
2885 0
2886 0
2887 0
2888 0
2889 0
2890 0
2891 0
2892 0
2893 0
2894 0
2895 0
2896 0
2897 0
2898 0
2899 0
2900 0
2901 0
2902 0
2903 0
2904 0
2905 0
2906 0
2907 0
2908 0
2909 0
2910 0
2911 0
2912 0
2913 0
2914 0
2915 0
2916 0
2917 0
2918 0
2919 0
2920 0
2921 0
2922 0
2923 0
2924 0
2925 0
2926 0
2927 0
2928 0
2929 0
2930 0
2931 0
2932 0
2933 0
2934 0
2935 0
2936 0
2937 0
2938 0
2939 0
2940 0
2941 0
2942 0
2943 0
2944 0
2945 0
2946 0
2947 0
2948 0
2949 1e-05
2950 1e-05
2951 1e-05
2952 1e-05
2953 1e-05
2954 1e-05
2955 1e-05
2956 1e-05
2957 1e-05
2958 1e-05
2959 1e-05
2960 1e-05
2961 1e-05
2962 1e-05
2963 1e-05
2964 1e-05
2965 1e-05
2966 1e-05
2967 1e-05
2968 1e-05
2969 1e-05
2970 1e-05
2971 1e-05
2972 1e-05
2973 1e-05
2974 1e-05
2975 1e-05
2976 1e-05
2977 1e-05
2978 1e-05
2979 1e-05
2980 1e-05
2981 1e-05
2982 1e-05
2983 1e-05
2984 1e-05
2985 1e-05
2986 1e-05
2987 1e-05
2988 1e-05
2989 1e-05
2990 1e-05
2991 1e-05
2992 1e-05
2993 1e-05
2994 1e-05
2995 1e-05
2996 1e-05
2997 1e-05
2998 1e-05
2999 1e-05
3000 1e-05
3001 1e-05
3002 1e-05
3003 1e-05
3004 1e-05
3005 1e-05
3006 1e-05
3007 1e-05
3008 1e-05
3009 1e-05
3010 2e-05
3011 2e-05
3012 2e-05
3013 2e-05
3014 2e-05
3015 2e-05
3016 2e-05
3017 2e-05
3018 2e-05
3019 2e-05
3020 2e-05
3021 2e-05
3022 2e-05
3023 2e-05
3024 2e-05
3025 2e-05
3026 2e-05
3027 2e-05
3028 2e-05
3029 2e-05
3030 2e-05
3031 2e-05
3032 2e-05
3033 2e-05
3034 2e-05
3035 2e-05
3036 2e-05
3037 2e-05
3038 2e-05
3039 2e-05
3040 2e-05
3041 2e-05
3042 2e-05
3043 2e-05
3044 2e-05
3045 2e-05
3046 2e-05
3047 2e-05
3048 2e-05
3049 2e-05
3050 2e-05
3051 2e-05
3052 2e-05
3053 2e-05
3054 2e-05
3055 2e-05
3056 2e-05
3057 2e-05
3058 2e-05
3059 2e-05
3060 2e-05
3061 2e-05
3062 2e-05
3063 2e-05
3064 2e-05
3065 2e-05
3066 2e-05
3067 2e-05
3068 2e-05
3069 2e-05
3070 2e-05
3071 2e-05
3072 2e-05
3073 2e-05
3074 2e-05
3075 2e-05
3076 2e-05
3077 2e-05
3078 2e-05
3079 2e-05
3080 2e-05
3081 2e-05
3082 2e-05
3083 2e-05
3084 2e-05
3085 2e-05
3086 2e-05
3087 2e-05
3088 2e-05
3089 2e-05
3090 2e-05
3091 2e-05
3092 2e-05
3093 2e-05
3094 2e-05
3095 2e-05
3096 2e-05
3097 2e-05
3098 2e-05
3099 2e-05
3100 2e-05
3101 2e-05
3102 2e-05
3103 2e-05
3104 2e-05
3105 2e-05
3106 2e-05
3107 2e-05
3108 2e-05
3109 2e-05
3110 2e-05
3111 2e-05
3112 2e-05
3113 2e-05
3114 2e-05
3115 2e-05
3116 2e-05
3117 2e-05
3118 2e-05
3119 2e-05
3120 2e-05
3121 2e-05
3122 2e-05
3123 2e-05
3124 2e-05
3125 2e-05
3126 2e-05
3127 2e-05
3128 2e-05
3129 2e-05
3130 2e-05
3131 2e-05
3132 2e-05
3133 2e-05
3134 2e-05
3135 2e-05
3136 2e-05
3137 2e-05
3138 2e-05
3139 2e-05
3140 2e-05
3141 2e-05
3142 2e-05
3143 2e-05
3144 2e-05
3145 2e-05
3146 2e-05
3147 2e-05
3148 2e-05
3149 2e-05
3150 2e-05
3151 2e-05
3152 2e-05
3153 2e-05
3154 2e-05
3155 2e-05
3156 2e-05
3157 2e-05
3158 2e-05
3159 2e-05
3160 2e-05
3161 2e-05
3162 2e-05
3163 2e-05
3164 2e-05
3165 2e-05
3166 2e-05
3167 2e-05
3168 2e-05
3169 2e-05
3170 2e-05
3171 2e-05
3172 2e-05
3173 2e-05
3174 2e-05
3175 2e-05
3176 2e-05
3177 2e-05
3178 2e-05
3179 2e-05
3180 2e-05
3181 2e-05
3182 2e-05
3183 2e-05
3184 2e-05
3185 2e-05
3186 2e-05
3187 2e-05
3188 2e-05
3189 2e-05
3190 2e-05
3191 2e-05
3192 2e-05
3193 2e-05
3194 2e-05
3195 2e-05
3196 2e-05
3197 2e-05
3198 2e-05
3199 2e-05
3200 2e-05
3201 2e-05
3202 2e-05
3203 2e-05
3204 2e-05
3205 2e-05
3206 2e-05
3207 2e-05
3208 2e-05
3209 2e-05
3210 2e-05
3211 2e-05
3212 2e-05
3213 2e-05
3214 2e-05
3215 2e-05
3216 2e-05
3217 2e-05
3218 2e-05
3219 2e-05
3220 2e-05
3221 2e-05
3222 2e-05
3223 2e-05
3224 2e-05
3225 2e-05
3226 2e-05
3227 2e-05
3228 2e-05
3229 2e-05
3230 2e-05
3231 2e-05
3232 2e-05
3233 2e-05
3234 2e-05
3235 2e-05
3236 2e-05
3237 2e-05
3238 2e-05
3239 2e-05
3240 2e-05
3241 2e-05
3242 2e-05
3243 2e-05
3244 2e-05
3245 2e-05
3246 2e-05
3247 2e-05
3248 2e-05
3249 2e-05
3250 2e-05
3251 2e-05
3252 2e-05
3253 2e-05
3254 2e-05
3255 2e-05
3256 2e-05
3257 2e-05
3258 2e-05
3259 2e-05
3260 2e-05
3261 2e-05
3262 2e-05
3263 2e-05
3264 2e-05
3265 2e-05
3266 2e-05
3267 2e-05
3268 2e-05
3269 2e-05
3270 2e-05
3271 2e-05
3272 2e-05
3273 2e-05
3274 2e-05
3275 2e-05
3276 2e-05
3277 2e-05
3278 2e-05
3279 2e-05
3280 2e-05
3281 2e-05
3282 2e-05
3283 2e-05
3284 2e-05
3285 2e-05
3286 2e-05
3287 2e-05
3288 2e-05
3289 2e-05
3290 2e-05
3291 2e-05
3292 2e-05
3293 2e-05
3294 2e-05
3295 2e-05
3296 2e-05
3297 2e-05
3298 2e-05
3299 2e-05
3300 2e-05
3301 2e-05
3302 2e-05
3303 2e-05
3304 2e-05
3305 2e-05
3306 2e-05
3307 2e-05
3308 2e-05
3309 2e-05
3310 2e-05
3311 2e-05
3312 2e-05
3313 2e-05
3314 2e-05
3315 2e-05
3316 2e-05
3317 2e-05
3318 2e-05
3319 2e-05
3320 2e-05
3321 2e-05
3322 2e-05
3323 2e-05
3324 2e-05
3325 2e-05
3326 2e-05
3327 2e-05
3328 2e-05
3329 2e-05
3330 2e-05
3331 2e-05
3332 2e-05
3333 2e-05
3334 2e-05
3335 2e-05
3336 2e-05
3337 2e-05
3338 2e-05
3339 2e-05
3340 2e-05
3341 2e-05
3342 2e-05
3343 2e-05
3344 2e-05
3345 2e-05
3346 2e-05
3347 2e-05
3348 2e-05
3349 2e-05
3350 2e-05
3351 2e-05
3352 2e-05
3353 2e-05
3354 2e-05
3355 2e-05
3356 2e-05
3357 2e-05
3358 2e-05
3359 2e-05
3360 2e-05
3361 2e-05
3362 2e-05
3363 2e-05
3364 2e-05
3365 2e-05
3366 2e-05
3367 2e-05
3368 2e-05
3369 2e-05
3370 2e-05
3371 2e-05
3372 2e-05
3373 2e-05
3374 2e-05
3375 2e-05
3376 2e-05
3377 2e-05
3378 2e-05
3379 2e-05
3380 2e-05
3381 2e-05
3382 2e-05
3383 2e-05
3384 2e-05
3385 2e-05
3386 2e-05
3387 2e-05
3388 2e-05
3389 2e-05
3390 2e-05
3391 2e-05
3392 2e-05
3393 2e-05
3394 2e-05
3395 2e-05
3396 2e-05
3397 2e-05
3398 2e-05
3399 2e-05
3400 2e-05
3401 2e-05
3402 2e-05
3403 2e-05
3404 2e-05
3405 2e-05
3406 2e-05
3407 2e-05
3408 2e-05
3409 2e-05
3410 2e-05
3411 2e-05
3412 2e-05
3413 2e-05
3414 2e-05
3415 2e-05
3416 2e-05
3417 2e-05
3418 2e-05
3419 2e-05
3420 2e-05
3421 2e-05
3422 2e-05
3423 2e-05
3424 2e-05
3425 2e-05
3426 2e-05
3427 2e-05
3428 2e-05
3429 2e-05
3430 2e-05
3431 2e-05
3432 2e-05
3433 2e-05
3434 2e-05
3435 2e-05
3436 2e-05
3437 2e-05
3438 2e-05
3439 2e-05
3440 2e-05
3441 2e-05
3442 2e-05
3443 2e-05
3444 2e-05
3445 2e-05
3446 2e-05
3447 2e-05
3448 2e-05
3449 2e-05
3450 2e-05
3451 2e-05
3452 2e-05
3453 2e-05
3454 2e-05
3455 2e-05
3456 2e-05
3457 2e-05
3458 2e-05
3459 2e-05
3460 2e-05
3461 2e-05
3462 2e-05
3463 2e-05
3464 2e-05
3465 2e-05
3466 2e-05
3467 2e-05
3468 2e-05
3469 2e-05
3470 2e-05
3471 2e-05
3472 2e-05
3473 2e-05
3474 2e-05
3475 2e-05
3476 2e-05
3477 2e-05
3478 2e-05
3479 2e-05
3480 2e-05
3481 2e-05
3482 2e-05
3483 2e-05
3484 2e-05
3485 2e-05
3486 2e-05
3487 2e-05
3488 2e-05
3489 2e-05
3490 2e-05
3491 2e-05
3492 2e-05
3493 2e-05
3494 2e-05
3495 2e-05
3496 2e-05
3497 2e-05
3498 2e-05
3499 2e-05
3500 2e-05
3501 2e-05
3502 2e-05
3503 2e-05
3504 2e-05
3505 2e-05
3506 2e-05
3507 2e-05
3508 2e-05
3509 2e-05
3510 2e-05
3511 2e-05
3512 2e-05
3513 2e-05
3514 2e-05
3515 2e-05
3516 2e-05
3517 2e-05
3518 2e-05
3519 2e-05
3520 2e-05
3521 2e-05
3522 2e-05
3523 2e-05
3524 2e-05
3525 2e-05
3526 2e-05
3527 2e-05
3528 2e-05
3529 2e-05
3530 2e-05
3531 2e-05
3532 2e-05
3533 2e-05
3534 2e-05
3535 2e-05
3536 2e-05
3537 2e-05
3538 2e-05
3539 2e-05
3540 2e-05
3541 2e-05
3542 2e-05
3543 2e-05
3544 2e-05
3545 2e-05
3546 2e-05
3547 2e-05
3548 2e-05
3549 2e-05
3550 2e-05
3551 2e-05
3552 2e-05
3553 2e-05
3554 2e-05
3555 2e-05
3556 2e-05
3557 2e-05
3558 2e-05
3559 2e-05
3560 2e-05
3561 2e-05
3562 2e-05
3563 2e-05
3564 2e-05
3565 2e-05
3566 2e-05
3567 2e-05
3568 2e-05
3569 2e-05
3570 2e-05
3571 2e-05
3572 2e-05
3573 2e-05
3574 2e-05
3575 2e-05
3576 2e-05
3577 2e-05
3578 2e-05
3579 2e-05
3580 2e-05
3581 2e-05
3582 2e-05
3583 2e-05
3584 2e-05
3585 2e-05
3586 2e-05
3587 2e-05
3588 2e-05
3589 2e-05
3590 2e-05
3591 2e-05
3592 2e-05
3593 2e-05
3594 2e-05
3595 2e-05
3596 2e-05
3597 2e-05
3598 2e-05
3599 2e-05
3600 2e-05
3601 2e-05
3602 2e-05
3603 2e-05
3604 2e-05
3605 2e-05
3606 2e-05
3607 2e-05
3608 2e-05
3609 2e-05
3610 2e-05
3611 2e-05
3612 2e-05
3613 2e-05
3614 2e-05
3615 2e-05
3616 2e-05
3617 2e-05
3618 2e-05
3619 2e-05
3620 2e-05
3621 2e-05
3622 2e-05
3623 2e-05
3624 2e-05
3625 2e-05
3626 2e-05
3627 2e-05
3628 2e-05
3629 2e-05
3630 2e-05
3631 2e-05
3632 2e-05
3633 2e-05
3634 2e-05
3635 2e-05
3636 2e-05
3637 2e-05
3638 2e-05
3639 2e-05
3640 2e-05
3641 2e-05
3642 2e-05
3643 2e-05
3644 2e-05
3645 2e-05
3646 2e-05
3647 2e-05
3648 2e-05
3649 2e-05
3650 2e-05
3651 2e-05
3652 2e-05
3653 2e-05
3654 2e-05
3655 2e-05
3656 2e-05
3657 2e-05
3658 2e-05
3659 2e-05
3660 2e-05
3661 2e-05
3662 2e-05
3663 2e-05
3664 2e-05
3665 2e-05
3666 2e-05
3667 2e-05
3668 2e-05
3669 2e-05
3670 2e-05
3671 2e-05
3672 2e-05
3673 2e-05
3674 2e-05
3675 2e-05
3676 2e-05
3677 2e-05
3678 2e-05
3679 2e-05
3680 2e-05
3681 2e-05
3682 2e-05
3683 2e-05
3684 2e-05
3685 2e-05
3686 2e-05
3687 2e-05
3688 2e-05
3689 2e-05
3690 2e-05
3691 2e-05
3692 2e-05
3693 2e-05
3694 2e-05
3695 2e-05
3696 2e-05
3697 2e-05
3698 2e-05
3699 2e-05
3700 2e-05
3701 2e-05
3702 2e-05
3703 2e-05
3704 2e-05
3705 2e-05
3706 2e-05
3707 2e-05
3708 2e-05
3709 2e-05
3710 2e-05
3711 2e-05
3712 2e-05
3713 2e-05
3714 2e-05
3715 2e-05
3716 2e-05
3717 2e-05
3718 2e-05
3719 2e-05
3720 2e-05
3721 2e-05
3722 2e-05
3723 2e-05
3724 2e-05
3725 2e-05
3726 2e-05
3727 2e-05
3728 2e-05
3729 2e-05
3730 2e-05
3731 2e-05
3732 2e-05
3733 2e-05
3734 2e-05
3735 2e-05
3736 2e-05
3737 2e-05
3738 2e-05
3739 2e-05
3740 2e-05
3741 2e-05
3742 2e-05
3743 2e-05
3744 2e-05
3745 2e-05
3746 2e-05
3747 2e-05
3748 2e-05
3749 2e-05
3750 2e-05
3751 2e-05
3752 2e-05
3753 2e-05
3754 2e-05
3755 2e-05
3756 2e-05
3757 2e-05
3758 2e-05
3759 2e-05
3760 2e-05
3761 2e-05
3762 2e-05
3763 2e-05
3764 2e-05
3765 2e-05
3766 2e-05
3767 2e-05
3768 2e-05
3769 2e-05
3770 2e-05
3771 2e-05
3772 2e-05
3773 2e-05
3774 2e-05
3775 2e-05
3776 2e-05
3777 2e-05
3778 2e-05
3779 2e-05
3780 2e-05
3781 2e-05
3782 2e-05
3783 2e-05
3784 2e-05
3785 2e-05
3786 2e-05
3787 2e-05
3788 2e-05
3789 2e-05
3790 2e-05
3791 2e-05
3792 2e-05
3793 2e-05
3794 2e-05
3795 2e-05
3796 2e-05
3797 2e-05
3798 2e-05
3799 2e-05
3800 2e-05
3801 2e-05
3802 2e-05
3803 2e-05
3804 2e-05
3805 2e-05
3806 2e-05
3807 2e-05
3808 2e-05
3809 2e-05
3810 2e-05
3811 2e-05
3812 2e-05
3813 2e-05
3814 2e-05
3815 2e-05
3816 2e-05
3817 2e-05
3818 2e-05
3819 2e-05
3820 2e-05
3821 2e-05
3822 2e-05
3823 2e-05
3824 2e-05
3825 2e-05
3826 2e-05
3827 2e-05
3828 2e-05
3829 2e-05
3830 2e-05
3831 2e-05
3832 2e-05
3833 2e-05
3834 2e-05
3835 2e-05
3836 2e-05
3837 2e-05
3838 2e-05
3839 2e-05
3840 2e-05
3841 2e-05
3842 2e-05
3843 2e-05
3844 2e-05
3845 2e-05
3846 2e-05
3847 2e-05
3848 2e-05
3849 2e-05
3850 2e-05
3851 2e-05
3852 2e-05
3853 2e-05
3854 2e-05
3855 2e-05
3856 2e-05
3857 2e-05
3858 2e-05
3859 2e-05
3860 2e-05
3861 2e-05
3862 2e-05
3863 2e-05
3864 2e-05
3865 2e-05
3866 2e-05
3867 2e-05
3868 2e-05
3869 2e-05
3870 2e-05
3871 2e-05
3872 2e-05
3873 2e-05
3874 2e-05
3875 2e-05
3876 2e-05
3877 2e-05
3878 2e-05
3879 2e-05
3880 2e-05
3881 2e-05
3882 2e-05
3883 2e-05
3884 2e-05
3885 2e-05
3886 2e-05
3887 2e-05
3888 2e-05
3889 2e-05
3890 2e-05
3891 2e-05
3892 2e-05
3893 2e-05
3894 2e-05
3895 2e-05
3896 2e-05
3897 2e-05
3898 2e-05
3899 2e-05
3900 2e-05
3901 2e-05
3902 2e-05
3903 2e-05
3904 2e-05
3905 2e-05
3906 2e-05
3907 2e-05
3908 2e-05
3909 2e-05
3910 2e-05
3911 2e-05
3912 2e-05
3913 2e-05
3914 2e-05
3915 2e-05
3916 2e-05
3917 2e-05
3918 2e-05
3919 2e-05
3920 2e-05
3921 2e-05
3922 2e-05
3923 2e-05
3924 2e-05
3925 2e-05
3926 2e-05
3927 2e-05
3928 2e-05
3929 2e-05
3930 2e-05
3931 2e-05
3932 2e-05
3933 2e-05
3934 2e-05
3935 2e-05
3936 2e-05
3937 2e-05
3938 2e-05
3939 2e-05
3940 2e-05
3941 2e-05
3942 2e-05
3943 2e-05
3944 2e-05
3945 2e-05
3946 2e-05
3947 2e-05
3948 2e-05
3949 2e-05
3950 2e-05
3951 2e-05
3952 2e-05
3953 2e-05
3954 2e-05
3955 2e-05
3956 2e-05
3957 2e-05
3958 2e-05
3959 2e-05
3960 2e-05
3961 2e-05
3962 2e-05
3963 2e-05
3964 2e-05
3965 2e-05
3966 2e-05
3967 2e-05
3968 2e-05
3969 2e-05
3970 2e-05
3971 2e-05
3972 2e-05
3973 2e-05
3974 2e-05
3975 2e-05
3976 2e-05
3977 2e-05
3978 2e-05
3979 2e-05
3980 2e-05
3981 2e-05
3982 2e-05
3983 2e-05
3984 2e-05
3985 2e-05
3986 2e-05
3987 2e-05
3988 2e-05
3989 2e-05
3990 2e-05
3991 2e-05
3992 2e-05
3993 2e-05
3994 2e-05
3995 2e-05
3996 2e-05
3997 2e-05
3998 2e-05
3999 2e-05
4000 2e-05
4001 2e-05
4002 2e-05
4003 2e-05
4004 2e-05
4005 2e-05
4006 2e-05
4007 2e-05
4008 2e-05
4009 2e-05
4010 2e-05
4011 2e-05
4012 2e-05
4013 2e-05
4014 2e-05
4015 2e-05
4016 2e-05
4017 2e-05
4018 2e-05
4019 2e-05
4020 2e-05
4021 2e-05
4022 2e-05
4023 2e-05
4024 2e-05
4025 2e-05
4026 2e-05
4027 2e-05
4028 2e-05
4029 2e-05
4030 2e-05
4031 2e-05
4032 2e-05
4033 2e-05
4034 2e-05
4035 2e-05
4036 2e-05
4037 2e-05
4038 2e-05
4039 2e-05
4040 2e-05
4041 2e-05
4042 2e-05
4043 2e-05
4044 2e-05
4045 2e-05
4046 2e-05
4047 2e-05
4048 2e-05
4049 2e-05
4050 2e-05
4051 2e-05
4052 2e-05
4053 2e-05
4054 2e-05
4055 2e-05
4056 2e-05
4057 2e-05
4058 2e-05
4059 2e-05
4060 2e-05
4061 2e-05
4062 2e-05
4063 2e-05
4064 2e-05
4065 2e-05
4066 2e-05
4067 2e-05
4068 2e-05
4069 2e-05
4070 2e-05
4071 2e-05
4072 2e-05
4073 2e-05
4074 2e-05
4075 2e-05
4076 2e-05
4077 2e-05
4078 2e-05
4079 2e-05
4080 2e-05
4081 2e-05
4082 2e-05
4083 2e-05
4084 2e-05
4085 2e-05
4086 2e-05
4087 2e-05
4088 2e-05
4089 2e-05
4090 2e-05
4091 2e-05
4092 2e-05
4093 2e-05
4094 2e-05
4095 2e-05
4096 2e-05
4097 2e-05
4098 2e-05
4099 2e-05
4100 2e-05
4101 2e-05
4102 2e-05
4103 2e-05
4104 2e-05
4105 2e-05
4106 2e-05
4107 2e-05
4108 2e-05
4109 2e-05
4110 2e-05
4111 2e-05
4112 2e-05
4113 2e-05
4114 2e-05
4115 2e-05
4116 2e-05
4117 2e-05
4118 2e-05
4119 2e-05
4120 2e-05
4121 2e-05
4122 2e-05
4123 2e-05
4124 2e-05
4125 2e-05
4126 2e-05
4127 2e-05
4128 2e-05
4129 2e-05
4130 2e-05
4131 2e-05
4132 2e-05
4133 2e-05
4134 2e-05
4135 2e-05
4136 2e-05
4137 2e-05
4138 2e-05
4139 2e-05
4140 2e-05
4141 2e-05
4142 2e-05
4143 2e-05
4144 2e-05
4145 2e-05
4146 2e-05
4147 2e-05
4148 2e-05
4149 2e-05
4150 2e-05
4151 2e-05
4152 2e-05
4153 2e-05
4154 2e-05
4155 2e-05
4156 2e-05
4157 2e-05
4158 2e-05
4159 2e-05
4160 2e-05
4161 2e-05
4162 2e-05
4163 2e-05
4164 2e-05
4165 2e-05
4166 2e-05
4167 2e-05
4168 2e-05
4169 2e-05
4170 2e-05
4171 2e-05
4172 2e-05
4173 2e-05
4174 2e-05
4175 2e-05
4176 2e-05
4177 2e-05
4178 2e-05
4179 2e-05
4180 2e-05
4181 2e-05
4182 2e-05
4183 2e-05
4184 2e-05
4185 2e-05
4186 2e-05
4187 2e-05
4188 2e-05
4189 2e-05
4190 2e-05
4191 2e-05
4192 2e-05
4193 2e-05
4194 2e-05
4195 2e-05
4196 2e-05
4197 2e-05
4198 2e-05
4199 2e-05
4200 2e-05
4201 2e-05
4202 2e-05
4203 2e-05
4204 2e-05
4205 2e-05
4206 2e-05
4207 2e-05
4208 2e-05
4209 2e-05
4210 2e-05
4211 2e-05
4212 2e-05
4213 2e-05
4214 2e-05
4215 2e-05
4216 2e-05
4217 2e-05
4218 2e-05
4219 2e-05
4220 2e-05
4221 2e-05
4222 2e-05
4223 2e-05
4224 2e-05
4225 2e-05
4226 2e-05
4227 2e-05
4228 2e-05
4229 2e-05
4230 2e-05
4231 2e-05
4232 2e-05
4233 2e-05
4234 2e-05
4235 2e-05
4236 2e-05
4237 2e-05
4238 2e-05
4239 2e-05
4240 2e-05
4241 2e-05
4242 2e-05
4243 2e-05
4244 2e-05
4245 2e-05
4246 2e-05
4247 2e-05
4248 2e-05
4249 2e-05
4250 2e-05
4251 2e-05
4252 2e-05
4253 2e-05
4254 2e-05
4255 2e-05
4256 2e-05
4257 2e-05
4258 2e-05
4259 2e-05
4260 2e-05
4261 2e-05
4262 2e-05
4263 2e-05
4264 2e-05
4265 2e-05
4266 2e-05
4267 2e-05
4268 2e-05
4269 2e-05
4270 2e-05
4271 2e-05
4272 2e-05
4273 2e-05
4274 2e-05
4275 2e-05
4276 2e-05
4277 2e-05
4278 2e-05
4279 2e-05
4280 2e-05
4281 2e-05
4282 2e-05
4283 2e-05
4284 2e-05
4285 2e-05
4286 2e-05
4287 2e-05
4288 2e-05
4289 2e-05
4290 2e-05
4291 2.1e-05
4292 2.1e-05
4293 2.1e-05
4294 2.1e-05
4295 2.1e-05
4296 2.1e-05
4297 2.1e-05
4298 2.1e-05
4299 2.1e-05
4300 2.1e-05
4301 2.1e-05
4302 2.1e-05
4303 2.1e-05
4304 2.1e-05
4305 2.1e-05
4306 2.1e-05
4307 2.1e-05
4308 2.1e-05
4309 2.1e-05
4310 2.1e-05
4311 2.1e-05
4312 2.1e-05
4313 2.1e-05
4314 2.1e-05
4315 2.1e-05
4316 2.1e-05
4317 2.1e-05
4318 2.1e-05
4319 2.1e-05
4320 2.1e-05
4321 2.1e-05
4322 2.1e-05
4323 2.1e-05
4324 2.1e-05
4325 2.1e-05
4326 2.1e-05
4327 2.1e-05
4328 2.1e-05
4329 2.1e-05
4330 2.1e-05
4331 2.1e-05
4332 2.1e-05
4333 2.1e-05
4334 2.1e-05
4335 2.1e-05
4336 2.1e-05
4337 2.1e-05
4338 2.1e-05
4339 2.1e-05
4340 2.1e-05
4341 2.1e-05
4342 2.1e-05
4343 2.1e-05
4344 2.1e-05
4345 2.1e-05
4346 2.1e-05
4347 2.1e-05
4348 2.1e-05
4349 2.1e-05
4350 2.1e-05
4351 2.1e-05
4352 2.1e-05
4353 2.1e-05
4354 2.1e-05
4355 2.1e-05
4356 2.1e-05
4357 2.1e-05
4358 2.1e-05
4359 2.1e-05
4360 2.1e-05
4361 2.1e-05
4362 2.1e-05
4363 2.1e-05
4364 2.1e-05
4365 2.1e-05
4366 2.1e-05
4367 2.1e-05
4368 2.1e-05
4369 2.1e-05
4370 2.1e-05
4371 2.1e-05
4372 2.1e-05
4373 2.1e-05
4374 2.1e-05
4375 2.1e-05
4376 2.1e-05
4377 2.1e-05
4378 2.1e-05
4379 2.1e-05
4380 2.1e-05
4381 2.1e-05
4382 2.1e-05
4383 2.1e-05
4384 2.1e-05
4385 2.1e-05
4386 2.1e-05
4387 2.1e-05
4388 2.1e-05
4389 2.1e-05
4390 2.1e-05
4391 2.1e-05
4392 2.1e-05
4393 2.1e-05
4394 2.1e-05
4395 2.1e-05
4396 2.1e-05
4397 2.1e-05
4398 2.1e-05
4399 2.1e-05
4400 2.1e-05
4401 2.1e-05
4402 2.1e-05
4403 2.1e-05
4404 2.1e-05
4405 2.1e-05
4406 2.1e-05
4407 2.1e-05
4408 2.1e-05
4409 2.1e-05
4410 2.1e-05
4411 2.1e-05
4412 2.1e-05
4413 2.1e-05
4414 2.1e-05
4415 2.1e-05
4416 2.1e-05
4417 2.1e-05
4418 2.1e-05
4419 2.1e-05
4420 2.1e-05
4421 2.1e-05
4422 2.1e-05
4423 2.1e-05
4424 2.1e-05
4425 2.1e-05
4426 2.1e-05
4427 2.1e-05
4428 2.1e-05
4429 2.1e-05
4430 2.1e-05
4431 2.1e-05
4432 2.1e-05
4433 2.1e-05
4434 2.1e-05
4435 2.1e-05
4436 2.1e-05
4437 2.1e-05
4438 2.1e-05
4439 2.1e-05
4440 2.1e-05
4441 2.1e-05
4442 2.1e-05
4443 2.1e-05
4444 2.1e-05
4445 2.1e-05
4446 2.1e-05
4447 2.1e-05
4448 2.1e-05
4449 2.1e-05
4450 2.1e-05
4451 2.1e-05
4452 2.1e-05
4453 2.1e-05
4454 2.1e-05
4455 2.1e-05
4456 2.1e-05
4457 2.1e-05
4458 2.1e-05
4459 2.1e-05
4460 2.1e-05
4461 2.1e-05
4462 2.1e-05
4463 2.1e-05
4464 2.1e-05
4465 2.1e-05
4466 2.2e-05
4467 2.2e-05
4468 2.2e-05
4469 2.2e-05
4470 2.2e-05
4471 2.2e-05
4472 2.2e-05
4473 2.2e-05
4474 2.2e-05
4475 2.2e-05
4476 2.2e-05
4477 2.2e-05
4478 2.2e-05
4479 2.2e-05
4480 2.2e-05
4481 2.2e-05
4482 2.2e-05
4483 2.2e-05
4484 2.2e-05
4485 2.2e-05
4486 2.2e-05
4487 2.2e-05
4488 2.2e-05
4489 2.2e-05
4490 2.2e-05
4491 2.2e-05
4492 2.2e-05
4493 2.2e-05
4494 2.2e-05
4495 2.2e-05
4496 2.2e-05
4497 2.3e-05
4498 2.3e-05
4499 2.3e-05
4500 2.3e-05
4501 2.3e-05
4502 2.3e-05
4503 2.3e-05
4504 2.3e-05
4505 2.3e-05
4506 2.3e-05
4507 2.3e-05
4508 2.3e-05
4509 2.3e-05
4510 2.3e-05
4511 2.3e-05
4512 2.3e-05
4513 2.3e-05
4514 2.3e-05
4515 2.3e-05
4516 2.3e-05
4517 2.3e-05
4518 2.3e-05
4519 2.3e-05
4520 2.3e-05
4521 2.3e-05
4522 2.3e-05
4523 2.3e-05
4524 2.3e-05
4525 2.3e-05
4526 2.3e-05
4527 2.3e-05
4528 2.4e-05
4529 2.4e-05
4530 2.4e-05
4531 2.4e-05
4532 2.4e-05
4533 2.4e-05
4534 2.4e-05
4535 2.4e-05
4536 2.4e-05
4537 2.4e-05
4538 2.4e-05
4539 2.4e-05
4540 2.4e-05
4541 2.4e-05
4542 2.4e-05
4543 2.4e-05
4544 2.4e-05
4545 2.4e-05
4546 2.4e-05
4547 2.4e-05
4548 2.4e-05
4549 2.4e-05
4550 2.4e-05
4551 2.4e-05
4552 2.4e-05
4553 2.4e-05
4554 2.4e-05
4555 2.4e-05
4556 2.4e-05
4557 2.4e-05
4558 2.4e-05
4559 2.4e-05
4560 2.4e-05
4561 2.4e-05
4562 2.4e-05
4563 2.4e-05
4564 2.4e-05
4565 2.4e-05
4566 2.4e-05
4567 2.4e-05
4568 2.4e-05
4569 2.4e-05
4570 2.4e-05
4571 2.4e-05
4572 2.4e-05
4573 2.4e-05
4574 2.4e-05
4575 2.4e-05
4576 2.4e-05
4577 2.4e-05
4578 2.4e-05
4579 2.4e-05
4580 2.4e-05
4581 2.4e-05
4582 2.4e-05
4583 2.4e-05
4584 2.4e-05
4585 2.4e-05
4586 2.4e-05
4587 2.4e-05
4588 2.4e-05
4589 2.4e-05
4590 2.4e-05
4591 2.4e-05
4592 2.4e-05
4593 2.4e-05
4594 2.4e-05
4595 2.4e-05
4596 2.4e-05
4597 2.4e-05
4598 2.4e-05
4599 2.4e-05
4600 2.4e-05
4601 2.4e-05
4602 2.4e-05
4603 2.4e-05
4604 2.4e-05
4605 2.4e-05
4606 2.4e-05
4607 2.4e-05
4608 2.4e-05
4609 2.4e-05
4610 2.4e-05
4611 2.4e-05
4612 2.4e-05
4613 2.4e-05
4614 2.4e-05
4615 2.4e-05
4616 2.4e-05
4617 2.4e-05
4618 2.4e-05
4619 2.4e-05
4620 2.4e-05
4621 2.4e-05
4622 2.4e-05
4623 2.4e-05
4624 2.4e-05
4625 2.4e-05
4626 2.4e-05
4627 2.4e-05
4628 2.4e-05
4629 2.4e-05
4630 2.4e-05
4631 2.4e-05
4632 2.4e-05
4633 2.4e-05
4634 2.4e-05
4635 2.4e-05
4636 2.4e-05
4637 2.4e-05
4638 2.4e-05
4639 2.4e-05
4640 2.4e-05
4641 2.4e-05
4642 2.4e-05
4643 2.4e-05
4644 2.4e-05
4645 2.4e-05
4646 2.4e-05
4647 2.4e-05
4648 2.4e-05
4649 2.5e-05
4650 2.5e-05
4651 2.5e-05
4652 2.5e-05
4653 2.5e-05
4654 2.5e-05
4655 2.5e-05
4656 2.5e-05
4657 2.5e-05
4658 2.5e-05
4659 2.5e-05
4660 2.5e-05
4661 2.5e-05
4662 2.5e-05
4663 2.5e-05
4664 2.5e-05
4665 2.5e-05
4666 2.5e-05
4667 2.5e-05
4668 2.5e-05
4669 2.5e-05
4670 2.5e-05
4671 2.5e-05
4672 2.5e-05
4673 2.5e-05
4674 2.5e-05
4675 2.5e-05
4676 2.5e-05
4677 2.5e-05
4678 2.5e-05
4679 2.5e-05
4680 2.6e-05
4681 2.6e-05
4682 2.6e-05
4683 2.6e-05
4684 2.6e-05
4685 2.6e-05
4686 2.6e-05
4687 2.6e-05
4688 2.6e-05
4689 2.6e-05
4690 2.6e-05
4691 2.6e-05
4692 2.6e-05
4693 2.6e-05
4694 2.6e-05
4695 2.6e-05
4696 2.6e-05
4697 2.6e-05
4698 2.6e-05
4699 2.6e-05
4700 2.6e-05
4701 2.6e-05
4702 2.6e-05
4703 2.6e-05
4704 2.6e-05
4705 2.6e-05
4706 2.6e-05
4707 2.6e-05
4708 2.6e-05
4709 2.6e-05
4710 2.6e-05
4711 2.7e-05
4712 2.7e-05
4713 2.7e-05
4714 2.7e-05
4715 2.7e-05
4716 2.7e-05
4717 2.7e-05
4718 2.7e-05
4719 2.7e-05
4720 3.7e-05
4721 3.7e-05
4722 3.7e-05
4723 3.7e-05
4724 3.7e-05
4725 3.7e-05
4726 3.7e-05
4727 3.7e-05
4728 3.7e-05
4729 3.7e-05
4730 3.7e-05
4731 3.7e-05
4732 3.7e-05
4733 3.7e-05
4734 3.7e-05
4735 3.7e-05
4736 3.7e-05
4737 3.7e-05
4738 3.7e-05
4739 3.7e-05
4740 3.7e-05
4741 3.7e-05
4742 3.8e-05
4743 3.8e-05
4744 3.8e-05
4745 3.8e-05
4746 3.8e-05
4747 3.8e-05
4748 3.8e-05
4749 3.8e-05
4750 3.8e-05
4751 3.8e-05
4752 3.8e-05
4753 3.8e-05
4754 3.8e-05
4755 3.8e-05
4756 3.8e-05
4757 3.8e-05
4758 3.8e-05
4759 3.8e-05
4760 3.8e-05
4761 3.8e-05
4762 3.8e-05
4763 3.8e-05
4764 3.8e-05
4765 3.8e-05
4766 3.8e-05
4767 3.8e-05
4768 3.8e-05
4769 3.8e-05
4770 3.8e-05
4771 3.8e-05
4772 3.8e-05
4773 3.9e-05
4774 3.9e-05
4775 3.9e-05
4776 3.9e-05
4777 3.9e-05
4778 3.9e-05
4779 3.9e-05
4780 3.9e-05
4781 3.9e-05
4782 3.9e-05
4783 3.9e-05
4784 3.9e-05
4785 3.9e-05
4786 3.9e-05
4787 3.9e-05
4788 3.9e-05
4789 3.9e-05
4790 3.9e-05
4791 3.9e-05
4792 3.9e-05
4793 3.9e-05
4794 3.9e-05
4795 3.9e-05
4796 3.9e-05
4797 3.9e-05
4798 3.9e-05
4799 3.9e-05
4800 3.9e-05
4801 4.9e-05
4802 4.9e-05
4803 4.9e-05
4804 4.9e-05
4805 4.9e-05
4806 4.9e-05
4807 4.9e-05
4808 4.9e-05
4809 4.9e-05
4810 4.9e-05
4811 4.9e-05
4812 4.9e-05
4813 4.9e-05
4814 4.9e-05
4815 4.9e-05
4816 4.9e-05
4817 4.9e-05
4818 4.9e-05
4819 4.9e-05
4820 4.9e-05
4821 4.9e-05
4822 4.9e-05
4823 4.9e-05
4824 4.9e-05
4825 4.9e-05
4826 4.9e-05
4827 4.9e-05
4828 4.9e-05
4829 4.9e-05
4830 4.9e-05
4831 4.9e-05
4832 4.9e-05
4833 4.9e-05
4834 4.9e-05
4835 4.9e-05
4836 4.9e-05
4837 4.9e-05
4838 4.9e-05
4839 4.9e-05
4840 4.9e-05
4841 4.9e-05
4842 4.9e-05
4843 4.9e-05
4844 4.9e-05
4845 4.9e-05
4846 4.9e-05
4847 4.9e-05
4848 4.9e-05
4849 4.9e-05
4850 4.9e-05
4851 4.9e-05
4852 4.9e-05
4853 4.9e-05
4854 4.9e-05
4855 4.9e-05
4856 4.9e-05
4857 4.9e-05
4858 4.9e-05
4859 4.9e-05
4860 4.9e-05
4861 4.9e-05
4862 4.9e-05
4863 4.9e-05
4864 4.9e-05
4865 4.9e-05
4866 4.9e-05
4867 4.9e-05
4868 4.9e-05
4869 4.9e-05
4870 4.9e-05
4871 4.9e-05
4872 4.9e-05
4873 4.9e-05
4874 4.9e-05
4875 4.9e-05
4876 4.9e-05
4877 4.9e-05
4878 4.9e-05
4879 4.9e-05
4880 4.9e-05
4881 4.9e-05
4882 4.9e-05
4883 4.9e-05
4884 4.9e-05
4885 4.9e-05
4886 4.9e-05
4887 4.9e-05
4888 4.9e-05
4889 4.9e-05
4890 4.9e-05
4891 4.9e-05
4892 4.9e-05
4893 4.9e-05
4894 4.9e-05
4895 4.9e-05
4896 4.9e-05
4897 4.9e-05
4898 4.9e-05
4899 4.9e-05
4900 4.9e-05
4901 4.9e-05
4902 4.9e-05
4903 4.9e-05
4904 4.9e-05
4905 4.9e-05
4906 4.9e-05
4907 4.9e-05
4908 4.9e-05
4909 4.9e-05
4910 4.9e-05
4911 4.9e-05
4912 4.9e-05
4913 4.9e-05
4914 4.9e-05
4915 4.9e-05
4916 4.9e-05
4917 4.9e-05
4918 4.9e-05
4919 4.9e-05
4920 4.9e-05
4921 4.9e-05
4922 4.9e-05
4923 4.9e-05
4924 4.9e-05
4925 4.9e-05
4926 4.9e-05
4927 4.9e-05
4928 4.9e-05
4929 4.9e-05
4930 4.9e-05
4931 4.9e-05
4932 4.9e-05
4933 4.9e-05
4934 4.9e-05
4935 4.9e-05
4936 4.9e-05
4937 4.9e-05
4938 4.9e-05
4939 4.9e-05
4940 4.9e-05
4941 4.9e-05
4942 4.9e-05
4943 4.9e-05
4944 4.9e-05
4945 4.9e-05
4946 4.9e-05
4947 4.9e-05
4948 4.9e-05
4949 4.9e-05
4950 4.9e-05
4951 4.9e-05
4952 4.9e-05
4953 4.9e-05
4954 4.9e-05
4955 4.9e-05
4956 4.9e-05
4957 4.9e-05
4958 4.9e-05
4959 4.9e-05
4960 4.9e-05
4961 4.9e-05
4962 4.9e-05
4963 4.9e-05
4964 4.9e-05
4965 4.9e-05
4966 4.9e-05
4967 4.9e-05
4968 4.9e-05
4969 4.9e-05
4970 4.9e-05
4971 4.9e-05
4972 4.9e-05
4973 4.9e-05
4974 4.9e-05
4975 4.9e-05
4976 4.9e-05
4977 4.9e-05
4978 4.9e-05
4979 4.9e-05
4980 4.9e-05
4981 4.9e-05
4982 4.9e-05
4983 4.9e-05
4984 4.9e-05
4985 4.9e-05
4986 4.9e-05
4987 4.9e-05
4988 4.9e-05
4989 4.9e-05
4990 4.9e-05
4991 4.9e-05
4992 4.9e-05
4993 4.9e-05
4994 4.9e-05
4995 4.9e-05
4996 4.9e-05
4997 4.9e-05
4998 4.9e-05
4999 4.9e-05
5000 4.9e-05
5001 4.9e-05
5002 4.9e-05
5003 4.9e-05
5004 4.9e-05
5005 4.9e-05
5006 4.9e-05
5007 4.9e-05
5008 4.9e-05
5009 4.9e-05
5010 4.9e-05
5011 4.9e-05
5012 4.9e-05
5013 4.9e-05
5014 4.9e-05
5015 4.9e-05
5016 4.9e-05
5017 4.9e-05
5018 4.9e-05
5019 4.9e-05
5020 4.9e-05
5021 4.9e-05
5022 4.9e-05
5023 4.9e-05
5024 4.9e-05
5025 4.9e-05
5026 4.9e-05
5027 4.9e-05
5028 4.9e-05
5029 4.9e-05
5030 4.9e-05
5031 4.9e-05
5032 4.9e-05
5033 4.9e-05
5034 4.9e-05
5035 4.9e-05
5036 4.9e-05
5037 4.9e-05
5038 4.9e-05
5039 4.9e-05
5040 4.9e-05
5041 4.9e-05
5042 4.9e-05
5043 4.9e-05
5044 4.9e-05
5045 4.9e-05
5046 4.9e-05
5047 4.9e-05
5048 4.9e-05
5049 4.9e-05
5050 4.9e-05
5051 4.9e-05
5052 4.9e-05
5053 4.9e-05
5054 4.9e-05
5055 4.9e-05
5056 4.9e-05
5057 4.9e-05
5058 4.9e-05
5059 4.9e-05
5060 4.9e-05
5061 4.9e-05
5062 4.9e-05
5063 4.9e-05
5064 4.9e-05
5065 4.9e-05
5066 4.9e-05
5067 4.9e-05
5068 4.9e-05
5069 4.9e-05
5070 4.9e-05
5071 4.9e-05
5072 4.9e-05
5073 4.9e-05
5074 4.9e-05
5075 4.9e-05
5076 4.9e-05
5077 4.9e-05
5078 4.9e-05
5079 4.9e-05
5080 4.9e-05
5081 4.9e-05
5082 4.9e-05
5083 4.9e-05
5084 4.9e-05
5085 4.9e-05
5086 4.9e-05
5087 4.9e-05
5088 4.9e-05
5089 4.9e-05
5090 4.9e-05
5091 4.9e-05
5092 4.9e-05
5093 4.9e-05
5094 4.9e-05
5095 4.9e-05
5096 4.9e-05
5097 4.9e-05
5098 4.9e-05
5099 4.9e-05
5100 4.9e-05
5101 4.9e-05
5102 4.9e-05
5103 4.9e-05
5104 4.9e-05
5105 4.9e-05
5106 4.9e-05
5107 4.9e-05
5108 4.9e-05
5109 4.9e-05
5110 4.9e-05
5111 4.9e-05
5112 4.9e-05
5113 4.9e-05
5114 4.9e-05
5115 4.9e-05
5116 4.9e-05
5117 4.9e-05
5118 4.9e-05
5119 4.9e-05
5120 4.9e-05
5121 4.9e-05
5122 4.9e-05
5123 4.9e-05
5124 4.9e-05
5125 4.9e-05
5126 4.9e-05
5127 4.9e-05
5128 4.9e-05
5129 4.9e-05
5130 4.9e-05
5131 4.9e-05
5132 4.9e-05
5133 4.9e-05
5134 4.9e-05
5135 4.9e-05
5136 4.9e-05
5137 4.9e-05
5138 4.9e-05
5139 4.9e-05
5140 4.9e-05
5141 4.9e-05
5142 4.9e-05
5143 4.9e-05
5144 4.9e-05
5145 4.9e-05
5146 4.9e-05
5147 4.9e-05
5148 4.9e-05
5149 4.9e-05
5150 4.9e-05
5151 4.9e-05
5152 4.9e-05
5153 4.9e-05
5154 4.9e-05
5155 4.9e-05
5156 4.9e-05
5157 4.9e-05
5158 4.9e-05
5159 4.9e-05
5160 4.9e-05
5161 4.9e-05
5162 4.9e-05
5163 4.9e-05
5164 4.9e-05
5165 4.9e-05
5166 4.9e-05
5167 4.9e-05
5168 4.9e-05
5169 4.9e-05
5170 4.9e-05
5171 4.9e-05
5172 4.9e-05
5173 4.9e-05
5174 4.9e-05
5175 4.9e-05
5176 4.9e-05
5177 4.9e-05
5178 4.9e-05
5179 4.9e-05
5180 4.9e-05
5181 4.9e-05
5182 4.9e-05
5183 4.9e-05
5184 4.9e-05
5185 4.9e-05
5186 4.9e-05
5187 4.9e-05
5188 4.9e-05
5189 4.9e-05
5190 4.9e-05
5191 4.9e-05
5192 4.9e-05
5193 4.9e-05
5194 4.9e-05
5195 4.9e-05
5196 4.9e-05
5197 4.9e-05
5198 4.9e-05
5199 4.9e-05
5200 4.9e-05
5201 4.9e-05
5202 4.9e-05
5203 4.9e-05
5204 4.9e-05
5205 4.9e-05
5206 4.9e-05
5207 4.9e-05
5208 4.9e-05
5209 4.9e-05
5210 4.9e-05
5211 4.9e-05
5212 4.9e-05
5213 4.9e-05
5214 4.9e-05
5215 4.9e-05
5216 4.9e-05
5217 4.9e-05
5218 4.9e-05
5219 4.9e-05
5220 4.9e-05
5221 4.9e-05
5222 4.9e-05
5223 4.9e-05
5224 4.9e-05
5225 4.9e-05
5226 4.9e-05
5227 4.9e-05
5228 4.9e-05
5229 4.9e-05
5230 4.9e-05
5231 4.9e-05
5232 4.9e-05
5233 4.9e-05
5234 4.9e-05
5235 4.9e-05
5236 4.9e-05
5237 4.9e-05
5238 4.9e-05
5239 4.9e-05
5240 4.9e-05
5241 4.9e-05
5242 4.9e-05
5243 4.9e-05
5244 4.9e-05
5245 4.9e-05
5246 4.9e-05
5247 4.9e-05
5248 4.9e-05
5249 4.9e-05
5250 4.9e-05
5251 4.9e-05
5252 4.9e-05
5253 4.9e-05
5254 4.9e-05
5255 4.9e-05
5256 4.9e-05
5257 4.9e-05
5258 4.9e-05
5259 4.9e-05
5260 4.9e-05
5261 4.9e-05
5262 4.9e-05
5263 4.9e-05
5264 4.9e-05
5265 4.9e-05
5266 4.9e-05
5267 4.9e-05
5268 4.9e-05
5269 4.9e-05
5270 4.9e-05
5271 4.9e-05
5272 4.9e-05
5273 4.9e-05
5274 4.9e-05
5275 4.9e-05
5276 4.9e-05
5277 4.9e-05
5278 4.9e-05
5279 4.9e-05
5280 4.9e-05
5281 4.9e-05
5282 4.9e-05
5283 4.9e-05
5284 4.9e-05
5285 4.9e-05
5286 4.9e-05
5287 4.9e-05
5288 4.9e-05
5289 4.9e-05
5290 4.9e-05
5291 4.9e-05
5292 4.9e-05
5293 4.9e-05
5294 4.9e-05
5295 4.9e-05
5296 4.9e-05
5297 4.9e-05
5298 4.9e-05
5299 4.9e-05
5300 4.9e-05
5301 4.9e-05
5302 4.9e-05
5303 4.9e-05
5304 4.9e-05
5305 4.9e-05
5306 4.9e-05
5307 4.9e-05
5308 4.9e-05
5309 4.9e-05
5310 4.9e-05
5311 4.9e-05
5312 4.9e-05
5313 4.9e-05
5314 4.9e-05
5315 4.9e-05
5316 4.9e-05
5317 4.9e-05
5318 4.9e-05
5319 4.9e-05
5320 4.9e-05
5321 4.9e-05
5322 4.9e-05
5323 4.9e-05
5324 4.9e-05
5325 4.9e-05
5326 4.9e-05
5327 4.9e-05
5328 4.9e-05
5329 4.9e-05
5330 4.9e-05
5331 4.9e-05
5332 4.9e-05
5333 4.9e-05
5334 4.9e-05
5335 4.9e-05
5336 4.9e-05
5337 4.9e-05
5338 4.9e-05
5339 4.9e-05
5340 4.9e-05
5341 4.9e-05
5342 4.9e-05
5343 4.9e-05
5344 4.9e-05
5345 4.9e-05
5346 4.9e-05
5347 4.9e-05
5348 4.9e-05
5349 4.9e-05
5350 4.9e-05
5351 4.9e-05
5352 4.9e-05
5353 4.9e-05
5354 4.9e-05
5355 4.9e-05
5356 4.9e-05
5357 4.9e-05
5358 4.9e-05
5359 4.9e-05
5360 4.9e-05
5361 4.9e-05
5362 4.9e-05
5363 4.9e-05
5364 4.9e-05
5365 4.9e-05
5366 4.9e-05
5367 4.9e-05
5368 4.9e-05
5369 4.9e-05
5370 4.9e-05
5371 4.9e-05
5372 4.9e-05
5373 4.9e-05
5374 4.9e-05
5375 4.9e-05
5376 4.9e-05
5377 4.9e-05
5378 4.9e-05
5379 4.9e-05
5380 4.9e-05
5381 4.9e-05
5382 4.9e-05
5383 4.9e-05
5384 4.9e-05
5385 4.9e-05
5386 4.9e-05
5387 4.9e-05
5388 4.9e-05
5389 4.9e-05
5390 4.9e-05
5391 4.9e-05
5392 4.9e-05
5393 4.9e-05
5394 4.9e-05
5395 4.9e-05
5396 4.9e-05
5397 4.9e-05
5398 4.9e-05
5399 4.9e-05
5400 4.9e-05
5401 4.9e-05
5402 4.9e-05
5403 4.9e-05
5404 4.9e-05
5405 4.9e-05
5406 4.9e-05
5407 4.9e-05
5408 4.9e-05
5409 4.9e-05
5410 4.9e-05
5411 4.9e-05
5412 4.9e-05
5413 4.9e-05
5414 4.9e-05
5415 4.9e-05
5416 4.9e-05
5417 4.9e-05
5418 4.9e-05
5419 4.9e-05
5420 4.9e-05
5421 4.9e-05
5422 4.9e-05
5423 4.9e-05
5424 4.9e-05
5425 4.9e-05
5426 4.9e-05
5427 4.9e-05
5428 4.9e-05
5429 4.9e-05
5430 4.9e-05
5431 4.9e-05
5432 4.9e-05
5433 4.9e-05
5434 4.9e-05
5435 4.9e-05
5436 4.9e-05
5437 4.9e-05
5438 4.9e-05
5439 4.9e-05
5440 4.9e-05
5441 4.9e-05
5442 4.9e-05
5443 4.9e-05
5444 4.9e-05
5445 4.9e-05
5446 4.9e-05
5447 4.9e-05
5448 4.9e-05
5449 4.9e-05
5450 4.9e-05
5451 4.9e-05
5452 4.9e-05
5453 4.9e-05
5454 4.9e-05
5455 4.9e-05
5456 4.9e-05
5457 4.9e-05
5458 4.9e-05
5459 4.9e-05
5460 4.9e-05
5461 4.9e-05
5462 4.9e-05
5463 4.9e-05
5464 4.9e-05
5465 4.9e-05
5466 4.9e-05
5467 4.9e-05
5468 4.9e-05
5469 4.9e-05
5470 4.9e-05
5471 4.9e-05
5472 4.9e-05
5473 4.9e-05
5474 4.9e-05
5475 4.9e-05
5476 4.9e-05
5477 4.9e-05
5478 4.9e-05
5479 4.9e-05
5480 4.9e-05
5481 4.9e-05
5482 4.9e-05
5483 4.9e-05
5484 4.9e-05
5485 4.9e-05
5486 4.9e-05
5487 4.9e-05
5488 4.9e-05
5489 4.9e-05
5490 4.9e-05
5491 4.9e-05
5492 4.9e-05
5493 4.9e-05
5494 4.9e-05
5495 4.9e-05
5496 4.9e-05
5497 4.9e-05
5498 4.9e-05
5499 4.9e-05
5500 4.9e-05
5501 4.9e-05
5502 4.9e-05
5503 4.9e-05
5504 4.9e-05
5505 4.9e-05
5506 4.9e-05
5507 4.9e-05
5508 4.9e-05
5509 4.9e-05
5510 4.9e-05
5511 4.9e-05
5512 4.9e-05
5513 4.9e-05
5514 4.9e-05
5515 4.9e-05
5516 4.9e-05
5517 4.9e-05
5518 4.9e-05
5519 4.9e-05
5520 4.9e-05
5521 4.9e-05
5522 4.9e-05
5523 4.9e-05
5524 4.9e-05
5525 4.9e-05
5526 4.9e-05
5527 4.9e-05
5528 4.9e-05
5529 4.9e-05
5530 4.9e-05
5531 4.9e-05
5532 4.9e-05
5533 4.9e-05
5534 4.9e-05
5535 4.9e-05
5536 4.9e-05
5537 4.9e-05
5538 4.9e-05
5539 4.9e-05
5540 4.9e-05
5541 4.9e-05
5542 4.9e-05
5543 4.9e-05
5544 4.9e-05
5545 4.9e-05
5546 4.9e-05
5547 4.9e-05
5548 4.9e-05
5549 4.9e-05
5550 4.9e-05
5551 4.9e-05
5552 4.9e-05
5553 4.9e-05
5554 4.9e-05
5555 4.9e-05
5556 4.9e-05
5557 4.9e-05
5558 4.9e-05
5559 4.9e-05
5560 4.9e-05
5561 4.9e-05
5562 4.9e-05
5563 4.9e-05
5564 4.9e-05
5565 4.9e-05
5566 4.9e-05
5567 4.9e-05
5568 4.9e-05
5569 4.9e-05
5570 4.9e-05
5571 4.9e-05
5572 4.9e-05
5573 4.9e-05
5574 4.9e-05
5575 4.9e-05
5576 4.9e-05
5577 4.9e-05
5578 4.9e-05
5579 4.9e-05
5580 4.9e-05
5581 4.9e-05
5582 4.9e-05
5583 4.9e-05
5584 4.9e-05
5585 4.9e-05
5586 4.9e-05
5587 4.9e-05
5588 4.9e-05
5589 4.9e-05
5590 4.9e-05
5591 4.9e-05
5592 4.9e-05
5593 4.9e-05
5594 4.9e-05
5595 4.9e-05
5596 4.9e-05
5597 4.9e-05
5598 4.9e-05
5599 4.9e-05
5600 4.9e-05
5601 4.9e-05
5602 4.9e-05
5603 4.9e-05
5604 4.9e-05
5605 4.9e-05
5606 4.9e-05
5607 4.9e-05
5608 4.9e-05
5609 4.9e-05
5610 4.9e-05
5611 4.9e-05
5612 4.9e-05
5613 4.9e-05
5614 4.9e-05
5615 4.9e-05
5616 4.9e-05
5617 4.9e-05
5618 4.9e-05
5619 4.9e-05
5620 4.9e-05
5621 4.9e-05
5622 4.9e-05
5623 4.9e-05
5624 4.9e-05
5625 4.9e-05
5626 4.9e-05
5627 4.9e-05
5628 4.9e-05
5629 4.9e-05
5630 4.9e-05
5631 4.9e-05
5632 4.9e-05
5633 4.9e-05
5634 4.9e-05
5635 4.9e-05
5636 4.9e-05
5637 4.9e-05
5638 4.9e-05
5639 4.9e-05
5640 4.9e-05
5641 4.9e-05
5642 4.9e-05
5643 4.9e-05
5644 4.9e-05
5645 4.9e-05
5646 4.9e-05
5647 4.9e-05
5648 4.9e-05
5649 4.9e-05
5650 4.9e-05
5651 4.9e-05
5652 4.9e-05
5653 4.9e-05
5654 4.9e-05
5655 4.9e-05
5656 4.9e-05
5657 4.9e-05
5658 4.9e-05
5659 4.9e-05
5660 4.9e-05
5661 4.9e-05
5662 4.9e-05
5663 4.9e-05
5664 4.9e-05
5665 4.9e-05
5666 4.9e-05
5667 4.9e-05
5668 4.9e-05
5669 4.9e-05
5670 4.9e-05
5671 4.9e-05
5672 4.9e-05
5673 4.9e-05
5674 4.9e-05
5675 4.9e-05
5676 4.9e-05
5677 4.9e-05
5678 4.9e-05
5679 4.9e-05
5680 4.9e-05
5681 4.9e-05
5682 4.9e-05
5683 4.9e-05
5684 4.9e-05
5685 4.9e-05
5686 4.9e-05
5687 4.9e-05
5688 4.9e-05
5689 4.9e-05
5690 4.9e-05
5691 4.9e-05
5692 4.9e-05
5693 4.9e-05
5694 4.9e-05
5695 4.9e-05
5696 4.9e-05
5697 4.9e-05
5698 4.9e-05
5699 4.9e-05
5700 4.9e-05
5701 4.9e-05
5702 4.9e-05
5703 4.9e-05
5704 4.9e-05
5705 4.9e-05
5706 4.9e-05
5707 4.9e-05
5708 4.9e-05
5709 4.9e-05
5710 4.9e-05
5711 4.9e-05
5712 4.9e-05
5713 4.9e-05
5714 4.9e-05
5715 4.9e-05
5716 4.9e-05
5717 4.9e-05
5718 4.9e-05
5719 4.9e-05
5720 4.9e-05
5721 4.9e-05
5722 4.9e-05
5723 4.9e-05
5724 4.9e-05
5725 4.9e-05
5726 4.9e-05
5727 4.9e-05
5728 4.9e-05
5729 4.9e-05
5730 4.9e-05
5731 4.9e-05
5732 4.9e-05
5733 4.9e-05
5734 4.9e-05
5735 4.9e-05
5736 4.9e-05
5737 4.9e-05
5738 4.9e-05
5739 4.9e-05
5740 4.9e-05
5741 4.9e-05
5742 4.9e-05
5743 4.9e-05
5744 4.9e-05
5745 4.9e-05
5746 4.9e-05
5747 4.9e-05
5748 4.9e-05
5749 4.9e-05
5750 4.9e-05
5751 4.9e-05
5752 4.9e-05
5753 4.9e-05
5754 4.9e-05
5755 4.9e-05
5756 4.9e-05
5757 4.9e-05
5758 4.9e-05
5759 4.9e-05
5760 4.9e-05
5761 4.9e-05
5762 4.9e-05
5763 4.9e-05
5764 4.9e-05
5765 4.9e-05
5766 4.9e-05
5767 4.9e-05
5768 4.9e-05
5769 4.9e-05
5770 4.9e-05
5771 4.9e-05
5772 4.9e-05
5773 4.9e-05
5774 4.9e-05
5775 4.9e-05
5776 4.9e-05
5777 4.9e-05
5778 4.9e-05
5779 4.9e-05
5780 4.9e-05
5781 4.9e-05
5782 4.9e-05
5783 4.9e-05
5784 4.9e-05
5785 4.9e-05
5786 4.9e-05
5787 4.9e-05
5788 4.9e-05
5789 4.9e-05
5790 4.9e-05
5791 4.9e-05
5792 4.9e-05
5793 4.9e-05
5794 4.9e-05
5795 4.9e-05
5796 4.9e-05
5797 4.9e-05
5798 4.9e-05
5799 4.9e-05
5800 4.9e-05
5801 4.9e-05
5802 4.9e-05
5803 4.9e-05
5804 4.9e-05
5805 4.9e-05
5806 4.9e-05
5807 4.9e-05
5808 4.9e-05
5809 4.9e-05
5810 4.9e-05
5811 4.9e-05
5812 4.9e-05
5813 4.9e-05
5814 4.9e-05
5815 4.9e-05
5816 4.9e-05
5817 4.9e-05
5818 4.9e-05
5819 4.9e-05
5820 4.9e-05
5821 4.9e-05
5822 4.9e-05
5823 4.9e-05
5824 4.9e-05
5825 4.9e-05
5826 4.9e-05
5827 4.9e-05
5828 4.9e-05
5829 4.9e-05
5830 4.9e-05
5831 4.9e-05
5832 4.9e-05
5833 4.9e-05
5834 4.9e-05
5835 4.9e-05
5836 4.9e-05
5837 4.9e-05
5838 4.9e-05
5839 4.9e-05
5840 4.9e-05
5841 4.9e-05
5842 4.9e-05
5843 4.9e-05
5844 4.9e-05
5845 4.9e-05
5846 4.9e-05
5847 4.9e-05
5848 4.9e-05
5849 4.9e-05
5850 4.9e-05
5851 4.9e-05
5852 4.9e-05
5853 4.9e-05
5854 4.9e-05
5855 4.9e-05
5856 4.9e-05
5857 4.9e-05
5858 4.9e-05
5859 4.9e-05
5860 4.9e-05
5861 4.9e-05
5862 4.9e-05
5863 4.9e-05
5864 4.9e-05
5865 4.9e-05
5866 4.9e-05
5867 4.9e-05
5868 4.9e-05
5869 4.9e-05
5870 4.9e-05
5871 4.9e-05
5872 4.9e-05
5873 4.9e-05
5874 4.9e-05
5875 4.9e-05
5876 4.9e-05
5877 4.9e-05
5878 4.9e-05
5879 4.9e-05
5880 4.9e-05
5881 4.9e-05
5882 4.9e-05
5883 4.9e-05
5884 4.9e-05
5885 4.9e-05
5886 4.9e-05
5887 4.9e-05
5888 4.9e-05
5889 4.9e-05
5890 4.9e-05
5891 4.9e-05
5892 4.9e-05
5893 4.9e-05
5894 4.9e-05
5895 4.9e-05
5896 4.9e-05
5897 4.9e-05
5898 4.9e-05
5899 4.9e-05
5900 4.9e-05
5901 4.9e-05
5902 4.9e-05
5903 4.9e-05
5904 4.9e-05
5905 4.9e-05
5906 4.9e-05
5907 4.9e-05
5908 4.9e-05
5909 4.9e-05
5910 4.9e-05
5911 4.9e-05
5912 4.9e-05
5913 4.9e-05
5914 4.9e-05
5915 4.9e-05
5916 4.9e-05
5917 4.9e-05
5918 4.9e-05
5919 4.9e-05
5920 4.9e-05
5921 4.9e-05
5922 4.9e-05
5923 4.9e-05
5924 4.9e-05
5925 4.9e-05
5926 4.9e-05
5927 4.9e-05
5928 4.9e-05
5929 4.9e-05
5930 4.9e-05
5931 4.9e-05
5932 4.9e-05
5933 4.9e-05
5934 4.9e-05
5935 4.9e-05
5936 4.9e-05
5937 4.9e-05
5938 4.9e-05
5939 4.9e-05
5940 4.9e-05
5941 4.9e-05
5942 4.9e-05
5943 4.9e-05
5944 4.9e-05
5945 4.9e-05
5946 4.9e-05
5947 4.9e-05
5948 4.9e-05
5949 4.9e-05
5950 4.9e-05
5951 4.9e-05
5952 4.9e-05
5953 4.9e-05
5954 4.9e-05
5955 4.9e-05
5956 4.9e-05
5957 4.9e-05
5958 4.9e-05
5959 4.9e-05
5960 4.9e-05
5961 4.9e-05
5962 4.9e-05
5963 4.9e-05
5964 4.9e-05
5965 4.9e-05
5966 4.9e-05
5967 4.9e-05
5968 4.9e-05
5969 4.9e-05
5970 4.9e-05
5971 4.9e-05
5972 4.9e-05
5973 4.9e-05
5974 4.9e-05
5975 4.9e-05
5976 4.9e-05
5977 4.9e-05
5978 4.9e-05
5979 4.9e-05
5980 4.9e-05
5981 4.9e-05
5982 4.9e-05
5983 4.9e-05
5984 4.9e-05
5985 4.9e-05
5986 4.9e-05
5987 4.9e-05
5988 4.9e-05
5989 4.9e-05
5990 4.9e-05
5991 4.9e-05
5992 4.9e-05
5993 5e-05
5994 5e-05
5995 5e-05
5996 5e-05
5997 5e-05
5998 5e-05
5999 5e-05
6000 5e-05
6001 5e-05
6002 5e-05
6003 5e-05
6004 5e-05
6005 5e-05
6006 5e-05
6007 5e-05
6008 5e-05
6009 5e-05
6010 5e-05
6011 5e-05
6012 5e-05
6013 5e-05
6014 5e-05
6015 5e-05
6016 5e-05
6017 5e-05
6018 5e-05
6019 5e-05
6020 5e-05
6021 5e-05
6022 5e-05
6023 5e-05
6024 5.1e-05
6025 5.1e-05
6026 5.1e-05
6027 5.1e-05
6028 5.1e-05
6029 5.1e-05
6030 5.1e-05
6031 5.1e-05
6032 5.1e-05
6033 5.1e-05
6034 5.1e-05
6035 5.1e-05
6036 5.1e-05
6037 5.1e-05
6038 5.1e-05
6039 5.1e-05
6040 5.1e-05
6041 5.1e-05
6042 5.1e-05
6043 5.1e-05
6044 5.1e-05
6045 5.1e-05
6046 5.1e-05
6047 5.1e-05
6048 5.1e-05
6049 5.1e-05
6050 5.1e-05
6051 5.1e-05
6052 5.1e-05
6053 5.1e-05
6054 5.1e-05
6055 5.2e-05
6056 5.2e-05
6057 5.2e-05
6058 5.2e-05
6059 5.2e-05
6060 5.2e-05
6061 5.2e-05
6062 5.2e-05
6063 5.2e-05
6064 5.2e-05
6065 5.2e-05
6066 5.2e-05
6067 5.2e-05
6068 5.2e-05
6069 5.2e-05
6070 5.2e-05
6071 5.2e-05
6072 5.2e-05
6073 5.2e-05
6074 5.2e-05
6075 5.2e-05
6076 5.2e-05
6077 5.2e-05
6078 5.2e-05
6079 5.2e-05
6080 5.2e-05
6081 5.2e-05
6082 5.2e-05
6083 5.2e-05
6084 5.2e-05
6085 5.2e-05
6086 5.2e-05
6087 5.2e-05
6088 5.2e-05
6089 5.2e-05
6090 5.2e-05
6091 5.2e-05
6092 5.2e-05
6093 5.2e-05
6094 5.2e-05
6095 5.2e-05
6096 5.2e-05
6097 5.2e-05
6098 5.2e-05
6099 5.2e-05
6100 5.2e-05
6101 5.2e-05
6102 5.2e-05
6103 5.2e-05
6104 5.2e-05
6105 5.2e-05
6106 5.2e-05
6107 5.2e-05
6108 5.2e-05
6109 5.2e-05
6110 5.2e-05
6111 5.2e-05
6112 5.2e-05
6113 5.2e-05
6114 5.2e-05
6115 5.2e-05
6116 5.2e-05
6117 5.2e-05
6118 5.2e-05
6119 5.2e-05
6120 5.2e-05
6121 5.2e-05
6122 5.2e-05
6123 5.2e-05
6124 5.2e-05
6125 5.2e-05
6126 5.2e-05
6127 5.2e-05
6128 5.2e-05
6129 5.2e-05
6130 5.2e-05
6131 5.2e-05
6132 5.2e-05
6133 5.2e-05
6134 5.2e-05
6135 5.2e-05
6136 5.2e-05
6137 5.2e-05
6138 5.2e-05
6139 5.2e-05
6140 5.2e-05
6141 5.2e-05
6142 5.2e-05
6143 5.2e-05
6144 5.2e-05
6145 5.2e-05
6146 5.2e-05
6147 5.2e-05
6148 5.2e-05
6149 5.2e-05
6150 5.2e-05
6151 5.2e-05
6152 5.2e-05
6153 5.2e-05
6154 5.2e-05
6155 5.2e-05
6156 5.2e-05
6157 5.2e-05
6158 5.2e-05
6159 5.2e-05
6160 5.2e-05
6161 5.2e-05
6162 5.2e-05
6163 5.2e-05
6164 5.2e-05
6165 5.2e-05
6166 5.2e-05
6167 5.2e-05
6168 5.2e-05
6169 5.2e-05
6170 5.2e-05
6171 5.2e-05
6172 5.2e-05
6173 5.2e-05
6174 5.2e-05
6175 5.2e-05
6176 5.3e-05
6177 5.3e-05
6178 5.3e-05
6179 5.3e-05
6180 5.3e-05
6181 5.3e-05
6182 5.3e-05
6183 5.3e-05
6184 5.3e-05
6185 5.3e-05
6186 5.3e-05
6187 5.3e-05
6188 5.3e-05
6189 5.3e-05
6190 5.3e-05
6191 5.3e-05
6192 5.3e-05
6193 5.3e-05
6194 5.3e-05
6195 5.3e-05
6196 5.3e-05
6197 5.3e-05
6198 5.3e-05
6199 5.3e-05
6200 5.3e-05
6201 5.3e-05
6202 5.3e-05
6203 5.3e-05
6204 5.3e-05
6205 5.3e-05
6206 5.3e-05
6207 5.4e-05
6208 5.4e-05
6209 5.4e-05
6210 5.4e-05
6211 5.4e-05
6212 5.4e-05
6213 5.4e-05
6214 5.4e-05
6215 5.4e-05
6216 5.4e-05
6217 5.4e-05
6218 5.4e-05
6219 5.4e-05
6220 5.4e-05
6221 5.4e-05
6222 5.4e-05
6223 5.4e-05
6224 5.4e-05
6225 5.4e-05
6226 5.4e-05
6227 5.4e-05
6228 5.4e-05
6229 5.4e-05
6230 5.4e-05
6231 5.4e-05
6232 6.4e-05
6233 6.4e-05
6234 6.4e-05
6235 6.4e-05
6236 6.4e-05
6237 6.4e-05
6238 6.4e-05
6239 6.4e-05
6240 6.4e-05
6241 6.4e-05
6242 6.4e-05
6243 6.4e-05
6244 6.4e-05
6245 6.4e-05
6246 6.4e-05
6247 6.4e-05
6248 6.4e-05
6249 6.4e-05
6250 6.4e-05
6251 6.4e-05
6252 6.4e-05
6253 6.4e-05
6254 6.4e-05
6255 6.4e-05
6256 6.4e-05
6257 6.4e-05
6258 6.4e-05
6259 6.4e-05
6260 6.4e-05
6261 6.4e-05
6262 6.4e-05
6263 6.4e-05
6264 6.4e-05
6265 6.4e-05
6266 6.4e-05
6267 6.4e-05
6268 6.4e-05
6269 6.4e-05
6270 6.4e-05
6271 6.4e-05
6272 6.4e-05
6273 6.4e-05
6274 6.4e-05
6275 6.4e-05
6276 6.4e-05
6277 6.4e-05
6278 6.4e-05
6279 6.4e-05
6280 6.4e-05
6281 6.4e-05
6282 6.4e-05
6283 6.4e-05
6284 6.4e-05
6285 6.4e-05
6286 6.4e-05
6287 6.4e-05
6288 6.4e-05
6289 7.4e-05
6290 7.4e-05
6291 7.4e-05
6292 7.4e-05
6293 7.4e-05
6294 7.4e-05
6295 7.4e-05
6296 7.4e-05
6297 7.4e-05
6298 7.4e-05
6299 7.4e-05
6300 7.4e-05
6301 7.4e-05
6302 7.4e-05
6303 7.4e-05
6304 7.4e-05
6305 7.4e-05
6306 7.4e-05
6307 7.4e-05
6308 7.4e-05
6309 7.4e-05
6310 7.4e-05
6311 7.4e-05
6312 7.4e-05
6313 7.4e-05
6314 7.4e-05
6315 7.4e-05
6316 7.4e-05
6317 7.4e-05
6318 7.4e-05
6319 7.4e-05
6320 7.4e-05
6321 7.4e-05
6322 7.4e-05
6323 7.4e-05
6324 7.4e-05
6325 7.4e-05
6326 7.4e-05
6327 7.4e-05
6328 7.4e-05
6329 7.4e-05
6330 7.4e-05
6331 7.4e-05
6332 7.4e-05
6333 7.4e-05
6334 7.4e-05
6335 7.4e-05
6336 7.4e-05
6337 7.4e-05
6338 7.4e-05
6339 7.4e-05
6340 7.4e-05
6341 7.4e-05
6342 7.4e-05
6343 7.4e-05
6344 7.4e-05
6345 7.4e-05
6346 7.4e-05
6347 7.4e-05
6348 7.4e-05
6349 7.4e-05
6350 7.4e-05
6351 7.4e-05
6352 7.4e-05
6353 7.4e-05
6354 7.4e-05
6355 7.4e-05
6356 7.4e-05
6357 7.4e-05
6358 7.4e-05
6359 7.4e-05
6360 7.4e-05
6361 7.4e-05
6362 7.4e-05
6363 7.4e-05
6364 7.4e-05
6365 7.4e-05
6366 7.4e-05
6367 7.4e-05
6368 7.4e-05
6369 7.4e-05
6370 7.4e-05
6371 7.4e-05
6372 7.4e-05
6373 7.4e-05
6374 7.4e-05
6375 7.4e-05
6376 7.4e-05
6377 7.4e-05
6378 7.4e-05
6379 7.4e-05
6380 7.4e-05
6381 7.4e-05
6382 7.4e-05
6383 7.4e-05
6384 7.4e-05
6385 7.4e-05
6386 7.4e-05
6387 7.4e-05
6388 7.4e-05
6389 7.4e-05
6390 7.4e-05
6391 7.4e-05
6392 7.4e-05
6393 7.4e-05
6394 7.4e-05
6395 7.4e-05
6396 7.4e-05
6397 7.4e-05
6398 7.4e-05
6399 7.4e-05
6400 7.4e-05
6401 7.4e-05
6402 7.4e-05
6403 7.4e-05
6404 7.4e-05
6405 7.4e-05
6406 7.4e-05
6407 7.4e-05
6408 7.4e-05
6409 7.4e-05
6410 7.4e-05
6411 7.4e-05
6412 7.4e-05
6413 7.4e-05
6414 7.4e-05
6415 7.4e-05
6416 7.4e-05
6417 7.4e-05
6418 7.4e-05
6419 7.4e-05
6420 7.4e-05
6421 7.4e-05
6422 7.4e-05
6423 7.4e-05
6424 7.4e-05
6425 7.4e-05
6426 7.4e-05
6427 7.4e-05
6428 7.4e-05
6429 7.4e-05
6430 7.4e-05
6431 7.4e-05
6432 7.4e-05
6433 7.4e-05
6434 7.4e-05
6435 7.4e-05
6436 7.4e-05
6437 7.4e-05
6438 7.4e-05
6439 7.4e-05
6440 7.4e-05
6441 7.4e-05
6442 7.4e-05
6443 7.4e-05
6444 7.4e-05
6445 7.4e-05
6446 7.4e-05
6447 7.4e-05
6448 7.4e-05
6449 7.4e-05
6450 7.4e-05
6451 7.4e-05
6452 7.4e-05
6453 7.4e-05
6454 7.4e-05
6455 7.4e-05
6456 7.4e-05
6457 7.4e-05
6458 7.4e-05
6459 7.4e-05
6460 7.4e-05
6461 7.4e-05
6462 7.4e-05
6463 7.4e-05
6464 7.4e-05
6465 7.4e-05
6466 7.4e-05
6467 7.4e-05
6468 7.4e-05
6469 7.4e-05
6470 7.4e-05
6471 7.4e-05
6472 7.4e-05
6473 7.4e-05
6474 7.4e-05
6475 7.4e-05
6476 7.4e-05
6477 7.4e-05
6478 7.4e-05
6479 7.4e-05
6480 7.4e-05
6481 7.4e-05
6482 7.4e-05
6483 7.4e-05
6484 7.4e-05
6485 7.4e-05
6486 7.4e-05
6487 7.4e-05
6488 7.4e-05
6489 7.4e-05
6490 7.4e-05
6491 7.4e-05
6492 7.4e-05
6493 7.4e-05
6494 7.4e-05
6495 7.4e-05
6496 7.4e-05
6497 7.4e-05
6498 7.4e-05
6499 7.4e-05
6500 7.4e-05
6501 7.4e-05
6502 7.4e-05
6503 7.4e-05
6504 7.4e-05
6505 7.4e-05
6506 7.4e-05
6507 7.4e-05
6508 7.4e-05
6509 7.4e-05
6510 7.4e-05
6511 7.4e-05
6512 7.4e-05
6513 7.4e-05
6514 7.4e-05
6515 7.4e-05
6516 7.4e-05
6517 7.4e-05
6518 7.4e-05
6519 7.4e-05
6520 7.4e-05
6521 7.4e-05
6522 7.4e-05
6523 7.4e-05
6524 7.4e-05
6525 7.4e-05
6526 7.4e-05
6527 7.4e-05
6528 7.4e-05
6529 7.4e-05
6530 7.4e-05
6531 7.4e-05
6532 7.4e-05
6533 7.4e-05
6534 7.4e-05
6535 7.4e-05
6536 7.4e-05
6537 7.4e-05
6538 7.4e-05
6539 7.4e-05
6540 7.4e-05
6541 7.4e-05
6542 7.4e-05
6543 7.4e-05
6544 7.4e-05
6545 7.4e-05
6546 7.4e-05
6547 7.4e-05
6548 7.4e-05
6549 7.4e-05
6550 7.4e-05
6551 7.4e-05
6552 7.4e-05
6553 7.4e-05
6554 7.4e-05
6555 7.4e-05
6556 7.4e-05
6557 7.4e-05
6558 7.4e-05
6559 7.4e-05
6560 7.4e-05
6561 7.4e-05
6562 7.4e-05
6563 7.4e-05
6564 7.4e-05
6565 7.4e-05
6566 7.4e-05
6567 7.4e-05
6568 7.4e-05
6569 7.4e-05
6570 7.4e-05
6571 7.4e-05
6572 7.4e-05
6573 7.4e-05
6574 7.4e-05
6575 7.4e-05
6576 7.4e-05
6577 7.4e-05
6578 7.4e-05
6579 7.4e-05
6580 7.4e-05
6581 7.4e-05
6582 7.4e-05
6583 7.4e-05
6584 7.4e-05
6585 7.4e-05
6586 7.4e-05
6587 7.4e-05
6588 7.4e-05
6589 7.4e-05
6590 7.4e-05
6591 7.4e-05
6592 7.4e-05
6593 7.4e-05
6594 7.4e-05
6595 7.4e-05
6596 7.4e-05
6597 7.4e-05
6598 7.4e-05
6599 7.4e-05
6600 7.4e-05
6601 7.4e-05
6602 7.4e-05
6603 7.4e-05
6604 7.4e-05
6605 7.4e-05
6606 7.4e-05
6607 7.4e-05
6608 7.4e-05
6609 7.4e-05
6610 7.4e-05
6611 7.4e-05
6612 7.4e-05
6613 7.4e-05
6614 7.4e-05
6615 7.4e-05
6616 7.4e-05
6617 7.4e-05
6618 7.4e-05
6619 7.4e-05
6620 7.4e-05
6621 7.4e-05
6622 7.4e-05
6623 7.4e-05
6624 7.4e-05
6625 7.4e-05
6626 7.4e-05
6627 7.4e-05
6628 7.4e-05
6629 7.4e-05
6630 7.4e-05
6631 7.4e-05
6632 7.4e-05
6633 7.4e-05
6634 7.4e-05
6635 7.4e-05
6636 7.4e-05
6637 7.4e-05
6638 7.4e-05
6639 7.4e-05
6640 7.4e-05
6641 7.4e-05
6642 7.4e-05
6643 7.4e-05
6644 7.4e-05
6645 7.4e-05
6646 7.4e-05
6647 7.4e-05
6648 7.4e-05
6649 7.4e-05
6650 7.4e-05
6651 7.4e-05
6652 7.4e-05
6653 7.4e-05
6654 7.4e-05
6655 7.4e-05
6656 7.4e-05
6657 7.4e-05
6658 7.4e-05
6659 7.4e-05
6660 7.4e-05
6661 7.4e-05
6662 7.4e-05
6663 7.4e-05
6664 7.4e-05
6665 7.4e-05
6666 7.4e-05
6667 7.4e-05
6668 7.4e-05
6669 7.4e-05
6670 7.4e-05
6671 7.4e-05
6672 7.4e-05
6673 7.4e-05
6674 7.4e-05
6675 7.4e-05
6676 7.4e-05
6677 7.4e-05
6678 7.4e-05
6679 7.4e-05
6680 7.4e-05
6681 7.4e-05
6682 7.4e-05
6683 7.4e-05
6684 7.4e-05
6685 7.4e-05
6686 7.4e-05
6687 7.4e-05
6688 7.4e-05
6689 7.4e-05
6690 7.4e-05
6691 7.4e-05
6692 7.4e-05
6693 7.4e-05
6694 7.4e-05
6695 7.4e-05
6696 7.4e-05
6697 7.4e-05
6698 7.4e-05
6699 7.4e-05
6700 7.4e-05
6701 7.4e-05
6702 7.4e-05
6703 7.4e-05
6704 7.4e-05
6705 7.4e-05
6706 7.4e-05
6707 7.4e-05
6708 7.4e-05
6709 7.4e-05
6710 7.4e-05
6711 7.4e-05
6712 7.4e-05
6713 7.4e-05
6714 7.4e-05
6715 7.4e-05
6716 7.4e-05
6717 7.4e-05
6718 7.4e-05
6719 7.4e-05
6720 7.4e-05
6721 7.4e-05
6722 7.4e-05
6723 7.4e-05
6724 7.4e-05
6725 7.4e-05
6726 7.4e-05
6727 7.4e-05
6728 7.4e-05
6729 7.4e-05
6730 7.4e-05
6731 7.4e-05
6732 7.4e-05
6733 7.4e-05
6734 7.4e-05
6735 7.4e-05
6736 7.4e-05
6737 7.4e-05
6738 7.4e-05
6739 7.4e-05
6740 7.4e-05
6741 7.4e-05
6742 7.4e-05
6743 7.4e-05
6744 7.4e-05
6745 7.4e-05
6746 7.4e-05
6747 7.4e-05
6748 7.4e-05
6749 7.4e-05
6750 7.4e-05
6751 7.4e-05
6752 7.4e-05
6753 7.4e-05
6754 7.4e-05
6755 7.4e-05
6756 7.4e-05
6757 7.4e-05
6758 7.4e-05
6759 7.4e-05
6760 7.4e-05
6761 7.4e-05
6762 7.4e-05
6763 7.4e-05
6764 7.4e-05
6765 7.4e-05
6766 7.4e-05
6767 7.4e-05
6768 7.4e-05
6769 7.4e-05
6770 7.4e-05
6771 7.4e-05
6772 7.4e-05
6773 7.4e-05
6774 7.4e-05
6775 7.4e-05
6776 7.4e-05
6777 7.4e-05
6778 7.4e-05
6779 7.4e-05
6780 7.4e-05
6781 7.4e-05
6782 7.4e-05
6783 7.4e-05
6784 7.4e-05
6785 7.4e-05
6786 7.4e-05
6787 7.4e-05
6788 7.4e-05
6789 7.4e-05
6790 7.4e-05
6791 7.4e-05
6792 7.4e-05
6793 7.4e-05
6794 7.4e-05
6795 7.4e-05
6796 7.4e-05
6797 7.4e-05
6798 7.4e-05
6799 7.4e-05
6800 7.4e-05
6801 7.4e-05
6802 7.4e-05
6803 7.4e-05
6804 7.4e-05
6805 7.4e-05
6806 7.4e-05
6807 7.4e-05
6808 7.4e-05
6809 7.4e-05
6810 7.4e-05
6811 7.4e-05
6812 7.4e-05
6813 7.4e-05
6814 7.4e-05
6815 7.4e-05
6816 7.4e-05
6817 7.4e-05
6818 7.4e-05
6819 7.4e-05
6820 7.4e-05
6821 7.4e-05
6822 7.4e-05
6823 7.4e-05
6824 7.4e-05
6825 7.4e-05
6826 7.4e-05
6827 7.4e-05
6828 7.4e-05
6829 7.4e-05
6830 7.4e-05
6831 7.4e-05
6832 7.4e-05
6833 7.4e-05
6834 7.4e-05
6835 7.4e-05
6836 7.4e-05
6837 7.4e-05
6838 7.4e-05
6839 7.4e-05
6840 7.4e-05
6841 7.4e-05
6842 7.4e-05
6843 7.4e-05
6844 7.4e-05
6845 7.4e-05
6846 7.4e-05
6847 7.4e-05
6848 7.4e-05
6849 7.4e-05
6850 7.4e-05
6851 7.4e-05
6852 7.4e-05
6853 7.4e-05
6854 7.4e-05
6855 7.4e-05
6856 7.4e-05
6857 7.4e-05
6858 7.4e-05
6859 7.4e-05
6860 7.4e-05
6861 7.4e-05
6862 7.4e-05
6863 7.4e-05
6864 7.4e-05
6865 7.4e-05
6866 7.4e-05
6867 7.4e-05
6868 7.4e-05
6869 7.4e-05
6870 7.4e-05
6871 7.4e-05
6872 7.4e-05
6873 7.4e-05
6874 7.4e-05
6875 7.4e-05
6876 7.4e-05
6877 7.4e-05
6878 7.4e-05
6879 7.4e-05
6880 7.4e-05
6881 7.4e-05
6882 7.4e-05
6883 7.4e-05
6884 7.4e-05
6885 7.4e-05
6886 7.4e-05
6887 7.4e-05
6888 7.4e-05
6889 7.4e-05
6890 7.4e-05
6891 7.4e-05
6892 7.4e-05
6893 7.4e-05
6894 7.4e-05
6895 7.4e-05
6896 7.4e-05
6897 7.4e-05
6898 7.4e-05
6899 7.4e-05
6900 7.4e-05
6901 7.4e-05
6902 7.4e-05
6903 7.4e-05
6904 7.4e-05
6905 7.4e-05
6906 7.4e-05
6907 7.4e-05
6908 7.4e-05
6909 7.4e-05
6910 7.4e-05
6911 7.4e-05
6912 7.4e-05
6913 7.4e-05
6914 7.4e-05
6915 7.4e-05
6916 7.4e-05
6917 7.4e-05
6918 7.4e-05
6919 7.4e-05
6920 7.4e-05
6921 7.4e-05
6922 7.4e-05
6923 7.4e-05
6924 7.4e-05
6925 7.4e-05
6926 7.4e-05
6927 7.4e-05
6928 7.4e-05
6929 7.4e-05
6930 7.4e-05
6931 7.4e-05
6932 7.4e-05
6933 7.4e-05
6934 7.4e-05
6935 7.4e-05
6936 7.4e-05
6937 7.4e-05
6938 7.4e-05
6939 7.4e-05
6940 7.4e-05
6941 7.4e-05
6942 7.4e-05
6943 7.4e-05
6944 7.4e-05
6945 7.4e-05
6946 7.4e-05
6947 7.4e-05
6948 7.4e-05
6949 7.4e-05
6950 7.4e-05
6951 7.4e-05
6952 7.4e-05
6953 7.4e-05
6954 7.4e-05
6955 7.4e-05
6956 7.4e-05
6957 7.4e-05
6958 7.4e-05
6959 7.4e-05
6960 7.4e-05
6961 7.4e-05
6962 7.4e-05
6963 7.4e-05
6964 7.4e-05
6965 7.4e-05
6966 7.4e-05
6967 7.4e-05
6968 7.4e-05
6969 7.4e-05
6970 7.4e-05
6971 7.4e-05
6972 7.4e-05
6973 7.4e-05
6974 7.4e-05
6975 7.4e-05
6976 7.4e-05
6977 7.4e-05
6978 7.4e-05
6979 7.4e-05
6980 7.4e-05
6981 7.4e-05
6982 7.4e-05
6983 7.4e-05
6984 7.4e-05
6985 7.4e-05
6986 7.4e-05
6987 7.4e-05
6988 7.4e-05
6989 7.4e-05
6990 7.4e-05
6991 7.4e-05
6992 7.4e-05
6993 7.4e-05
6994 7.4e-05
6995 7.4e-05
6996 7.4e-05
6997 7.4e-05
6998 7.4e-05
6999 7.4e-05
7000 7.4e-05
7001 7.4e-05
7002 7.4e-05
7003 7.4e-05
7004 7.4e-05
7005 7.4e-05
7006 7.4e-05
7007 7.4e-05
7008 7.4e-05
7009 7.4e-05
7010 7.4e-05
7011 7.4e-05
7012 7.4e-05
7013 7.4e-05
7014 7.4e-05
7015 7.4e-05
7016 7.4e-05
7017 7.4e-05
7018 7.4e-05
7019 7.4e-05
7020 7.4e-05
7021 7.4e-05
7022 7.4e-05
7023 7.4e-05
7024 7.4e-05
7025 7.4e-05
7026 7.4e-05
7027 7.4e-05
7028 7.4e-05
7029 7.4e-05
7030 7.4e-05
7031 7.4e-05
7032 7.4e-05
7033 7.4e-05
7034 7.4e-05
7035 7.4e-05
7036 7.4e-05
7037 7.4e-05
7038 7.4e-05
7039 7.4e-05
7040 7.4e-05
7041 7.4e-05
7042 7.4e-05
7043 7.4e-05
7044 7.4e-05
7045 7.4e-05
7046 7.4e-05
7047 7.4e-05
7048 7.4e-05
7049 7.4e-05
7050 7.4e-05
7051 7.4e-05
7052 7.4e-05
7053 7.4e-05
7054 7.4e-05
7055 7.4e-05
7056 7.4e-05
7057 7.4e-05
7058 7.4e-05
7059 7.4e-05
7060 7.4e-05
7061 7.4e-05
7062 7.4e-05
7063 7.4e-05
7064 7.4e-05
7065 7.4e-05
7066 7.4e-05
7067 7.4e-05
7068 7.4e-05
7069 7.4e-05
7070 7.4e-05
7071 7.4e-05
7072 7.4e-05
7073 7.4e-05
7074 7.4e-05
7075 7.4e-05
7076 7.4e-05
7077 7.4e-05
7078 7.4e-05
7079 7.4e-05
7080 7.4e-05
7081 7.4e-05
7082 7.4e-05
7083 7.4e-05
7084 7.4e-05
7085 7.4e-05
7086 7.4e-05
7087 7.4e-05
7088 7.4e-05
7089 7.4e-05
7090 7.4e-05
7091 7.4e-05
7092 7.4e-05
7093 7.4e-05
7094 7.4e-05
7095 7.4e-05
7096 7.4e-05
7097 7.4e-05
7098 7.4e-05
7099 7.4e-05
7100 7.4e-05
7101 7.4e-05
7102 7.4e-05
7103 7.4e-05
7104 7.4e-05
7105 7.4e-05
7106 7.4e-05
7107 7.4e-05
7108 7.4e-05
7109 7.4e-05
7110 7.4e-05
7111 7.4e-05
7112 7.4e-05
7113 7.4e-05
7114 7.4e-05
7115 7.4e-05
7116 7.4e-05
7117 7.4e-05
7118 7.4e-05
7119 7.4e-05
7120 7.4e-05
7121 7.4e-05
7122 7.4e-05
7123 7.4e-05
7124 7.4e-05
7125 7.4e-05
7126 7.4e-05
7127 7.4e-05
7128 7.4e-05
7129 7.4e-05
7130 7.4e-05
7131 7.4e-05
7132 7.4e-05
7133 7.4e-05
7134 7.4e-05
7135 7.4e-05
7136 7.4e-05
7137 7.4e-05
7138 7.4e-05
7139 7.4e-05
7140 7.4e-05
7141 7.4e-05
7142 7.4e-05
7143 7.4e-05
7144 7.4e-05
7145 7.4e-05
7146 7.4e-05
7147 7.4e-05
7148 7.4e-05
7149 7.4e-05
7150 7.4e-05
7151 7.4e-05
7152 7.4e-05
7153 7.4e-05
7154 7.4e-05
7155 7.4e-05
7156 7.4e-05
7157 7.4e-05
7158 7.4e-05
7159 7.4e-05
7160 7.4e-05
7161 7.4e-05
7162 7.4e-05
7163 7.4e-05
7164 7.4e-05
7165 7.4e-05
7166 7.4e-05
7167 7.4e-05
7168 7.4e-05
7169 7.4e-05
7170 7.4e-05
7171 7.4e-05
7172 7.4e-05
7173 7.4e-05
7174 7.4e-05
7175 7.4e-05
7176 7.4e-05
7177 7.4e-05
7178 7.4e-05
7179 7.4e-05
7180 7.4e-05
7181 7.4e-05
7182 7.4e-05
7183 7.4e-05
7184 7.4e-05
7185 7.4e-05
7186 7.4e-05
7187 7.4e-05
7188 7.4e-05
7189 7.4e-05
7190 7.4e-05
7191 7.4e-05
7192 7.4e-05
7193 7.4e-05
7194 7.4e-05
7195 7.4e-05
7196 7.4e-05
7197 7.4e-05
7198 7.4e-05
7199 7.4e-05
7200 7.4e-05
7201 7.4e-05
7202 7.4e-05
7203 7.4e-05
7204 7.4e-05
7205 7.4e-05
7206 7.4e-05
7207 7.4e-05
7208 7.4e-05
7209 7.4e-05
7210 7.4e-05
7211 7.4e-05
7212 7.4e-05
7213 7.4e-05
7214 7.4e-05
7215 7.4e-05
7216 7.4e-05
7217 7.4e-05
7218 7.4e-05
7219 7.4e-05
7220 7.4e-05
7221 7.4e-05
7222 7.4e-05
7223 7.4e-05
7224 7.4e-05
7225 7.4e-05
7226 7.4e-05
7227 7.4e-05
7228 7.4e-05
7229 7.4e-05
7230 7.4e-05
7231 7.4e-05
7232 7.4e-05
7233 7.4e-05
7234 7.4e-05
7235 7.4e-05
7236 7.4e-05
7237 7.4e-05
7238 7.4e-05
7239 7.4e-05
7240 7.4e-05
7241 7.4e-05
7242 7.4e-05
7243 7.4e-05
7244 7.4e-05
7245 7.4e-05
7246 7.4e-05
7247 7.4e-05
7248 7.4e-05
7249 7.4e-05
7250 7.4e-05
7251 7.4e-05
7252 7.4e-05
7253 7.4e-05
7254 7.4e-05
7255 7.4e-05
7256 7.4e-05
7257 7.4e-05
7258 7.4e-05
7259 7.4e-05
7260 7.4e-05
7261 7.4e-05
7262 7.4e-05
7263 7.4e-05
7264 7.4e-05
7265 7.4e-05
7266 7.4e-05
7267 7.4e-05
7268 7.4e-05
7269 7.4e-05
7270 7.4e-05
7271 7.4e-05
7272 7.4e-05
7273 7.4e-05
7274 7.4e-05
7275 7.4e-05
7276 7.4e-05
7277 7.4e-05
7278 7.4e-05
7279 7.4e-05
7280 7.4e-05
7281 7.4e-05
7282 7.4e-05
7283 7.4e-05
7284 7.4e-05
7285 7.4e-05
7286 7.4e-05
7287 7.4e-05
7288 7.4e-05
7289 7.4e-05
7290 7.4e-05
7291 7.4e-05
7292 7.4e-05
7293 7.4e-05
7294 7.4e-05
7295 7.4e-05
7296 7.4e-05
7297 7.4e-05
7298 7.4e-05
7299 7.4e-05
7300 7.4e-05
7301 7.4e-05
7302 7.4e-05
7303 7.4e-05
7304 7.4e-05
7305 7.4e-05
7306 7.4e-05
7307 7.4e-05
7308 7.4e-05
7309 7.4e-05
7310 7.4e-05
7311 7.4e-05
7312 7.4e-05
7313 7.4e-05
7314 7.4e-05
7315 7.4e-05
7316 7.4e-05
7317 7.4e-05
7318 7.4e-05
7319 7.4e-05
7320 7.4e-05
7321 7.4e-05
7322 7.4e-05
7323 7.4e-05
7324 7.4e-05
7325 7.4e-05
7326 7.4e-05
7327 7.4e-05
7328 7.4e-05
7329 7.4e-05
7330 7.4e-05
7331 7.4e-05
7332 7.4e-05
7333 7.4e-05
7334 7.4e-05
7335 7.4e-05
7336 7.4e-05
7337 7.4e-05
7338 7.4e-05
7339 7.4e-05
7340 7.4e-05
7341 7.4e-05
7342 7.4e-05
7343 7.4e-05
7344 7.4e-05
7345 7.4e-05
7346 7.4e-05
7347 7.4e-05
7348 7.4e-05
7349 7.4e-05
7350 7.4e-05
7351 7.4e-05
7352 7.4e-05
7353 7.4e-05
7354 7.4e-05
7355 7.4e-05
7356 7.4e-05
7357 7.4e-05
7358 7.4e-05
7359 7.4e-05
7360 7.4e-05
7361 7.4e-05
7362 7.4e-05
7363 7.4e-05
7364 7.4e-05
7365 7.4e-05
7366 7.4e-05
7367 7.4e-05
7368 7.4e-05
7369 7.4e-05
7370 7.4e-05
7371 7.4e-05
7372 7.4e-05
7373 7.4e-05
7374 7.4e-05
7375 7.4e-05
7376 7.4e-05
7377 7.4e-05
7378 7.4e-05
7379 7.4e-05
7380 7.4e-05
7381 7.4e-05
7382 7.4e-05
7383 7.4e-05
7384 7.4e-05
7385 7.4e-05
7386 7.4e-05
7387 7.4e-05
7388 7.4e-05
7389 7.4e-05
7390 7.4e-05
7391 7.4e-05
7392 7.4e-05
7393 7.4e-05
7394 7.4e-05
7395 7.4e-05
7396 7.4e-05
7397 7.4e-05
7398 7.4e-05
7399 7.4e-05
7400 7.4e-05
7401 7.4e-05
7402 7.4e-05
7403 7.4e-05
7404 7.4e-05
7405 7.4e-05
7406 7.4e-05
7407 7.4e-05
7408 7.4e-05
7409 7.4e-05
7410 7.4e-05
7411 7.4e-05
7412 7.4e-05
7413 7.4e-05
7414 7.4e-05
7415 7.4e-05
7416 7.4e-05
7417 7.4e-05
7418 7.4e-05
7419 7.4e-05
7420 7.4e-05
7421 7.4e-05
7422 7.4e-05
7423 7.4e-05
7424 7.4e-05
7425 7.4e-05
7426 7.4e-05
7427 7.4e-05
7428 7.4e-05
7429 7.4e-05
7430 7.4e-05
7431 7.4e-05
7432 7.4e-05
7433 7.4e-05
7434 7.4e-05
7435 7.4e-05
7436 7.4e-05
7437 7.4e-05
7438 7.4e-05
7439 7.4e-05
7440 7.4e-05
7441 7.4e-05
7442 7.4e-05
7443 7.4e-05
7444 7.5e-05
7445 7.5e-05
7446 7.5e-05
7447 7.5e-05
7448 7.5e-05
7449 7.5e-05
7450 7.5e-05
7451 7.5e-05
7452 7.5e-05
7453 7.5e-05
7454 7.5e-05
7455 7.5e-05
7456 7.5e-05
7457 7.5e-05
7458 7.5e-05
7459 7.5e-05
7460 7.5e-05
7461 7.5e-05
7462 7.5e-05
7463 7.5e-05
7464 7.5e-05
7465 7.5e-05
7466 7.5e-05
7467 7.5e-05
7468 7.5e-05
7469 7.5e-05
7470 7.5e-05
7471 7.5e-05
7472 7.5e-05
7473 7.5e-05
7474 7.5e-05
7475 7.6e-05
7476 7.6e-05
7477 7.6e-05
7478 7.6e-05
7479 7.6e-05
7480 7.6e-05
7481 7.6e-05
7482 7.6e-05
7483 7.6e-05
7484 7.6e-05
7485 7.6e-05
7486 7.6e-05
7487 7.6e-05
7488 7.6e-05
7489 7.6e-05
7490 7.6e-05
7491 7.6e-05
7492 7.6e-05
7493 7.6e-05
7494 7.6e-05
7495 7.6e-05
7496 7.6e-05
7497 7.6e-05
7498 7.6e-05
7499 7.6e-05
7500 7.6e-05
7501 7.6e-05
7502 7.6e-05
7503 7.6e-05
7504 7.6e-05
7505 7.6e-05
7506 7.7e-05
7507 7.7e-05
7508 7.7e-05
7509 7.7e-05
7510 7.7e-05
7511 7.7e-05
7512 7.7e-05
7513 7.7e-05
7514 7.7e-05
7515 7.7e-05
7516 7.7e-05
7517 7.7e-05
7518 7.7e-05
7519 7.7e-05
7520 7.7e-05
7521 7.7e-05
7522 7.7e-05
7523 7.7e-05
7524 7.7e-05
7525 7.7e-05
7526 7.7e-05
7527 7.7e-05
7528 7.7e-05
7529 7.7e-05
7530 7.7e-05
7531 7.7e-05
7532 7.7e-05
7533 7.7e-05
7534 7.7e-05
7535 7.7e-05
7536 7.7e-05
7537 7.7e-05
7538 7.7e-05
7539 7.7e-05
7540 7.7e-05
7541 7.7e-05
7542 7.7e-05
7543 7.7e-05
7544 7.7e-05
7545 7.7e-05
7546 7.7e-05
7547 7.7e-05
7548 7.7e-05
7549 7.7e-05
7550 7.7e-05
7551 7.7e-05
7552 7.7e-05
7553 7.7e-05
7554 7.7e-05
7555 7.7e-05
7556 7.7e-05
7557 7.7e-05
7558 7.7e-05
7559 7.7e-05
7560 7.7e-05
7561 7.7e-05
7562 7.7e-05
7563 7.7e-05
7564 7.7e-05
7565 7.7e-05
7566 7.7e-05
7567 7.7e-05
7568 7.7e-05
7569 7.7e-05
7570 7.7e-05
7571 7.7e-05
7572 7.7e-05
7573 7.7e-05
7574 7.7e-05
7575 7.7e-05
7576 7.7e-05
7577 7.7e-05
7578 7.7e-05
7579 7.7e-05
7580 7.7e-05
7581 7.7e-05
7582 7.7e-05
7583 7.7e-05
7584 7.7e-05
7585 7.7e-05
7586 7.7e-05
7587 7.7e-05
7588 7.7e-05
7589 7.7e-05
7590 7.7e-05
7591 7.7e-05
7592 7.7e-05
7593 7.7e-05
7594 7.7e-05
7595 7.7e-05
7596 7.7e-05
7597 7.7e-05
7598 7.7e-05
7599 7.7e-05
7600 7.7e-05
7601 7.7e-05
7602 7.7e-05
7603 7.7e-05
7604 7.7e-05
7605 7.7e-05
7606 7.7e-05
7607 7.7e-05
7608 7.7e-05
7609 7.7e-05
7610 7.7e-05
7611 7.7e-05
7612 7.7e-05
7613 7.7e-05
7614 7.7e-05
7615 7.7e-05
7616 7.7e-05
7617 7.7e-05
7618 7.7e-05
7619 7.7e-05
7620 7.7e-05
7621 7.7e-05
7622 7.7e-05
7623 7.7e-05
7624 7.7e-05
7625 7.7e-05
7626 7.7e-05
7627 7.8e-05
7628 7.8e-05
7629 7.8e-05
7630 7.8e-05
7631 7.8e-05
7632 7.8e-05
7633 7.8e-05
7634 7.8e-05
7635 7.8e-05
7636 7.8e-05
7637 7.8e-05
7638 7.8e-05
7639 7.8e-05
7640 7.8e-05
7641 7.8e-05
7642 7.8e-05
7643 7.8e-05
7644 7.8e-05
7645 7.8e-05
7646 7.8e-05
7647 7.8e-05
7648 7.8e-05
7649 7.8e-05
7650 7.8e-05
7651 7.8e-05
7652 7.8e-05
7653 7.8e-05
7654 7.8e-05
7655 7.8e-05
7656 7.8e-05
7657 7.8e-05
7658 7.9e-05
7659 7.9e-05
7660 7.9e-05
7661 7.9e-05
7662 7.9e-05
7663 7.9e-05
7664 7.9e-05
7665 7.9e-05
7666 7.9e-05
7667 7.9e-05
7668 7.9e-05
7669 7.9e-05
7670 7.9e-05
7671 7.9e-05
7672 7.9e-05
7673 7.9e-05
7674 7.9e-05
7675 7.9e-05
7676 7.9e-05
7677 7.9e-05
7678 7.9e-05
7679 7.9e-05
7680 7.9e-05
7681 7.9e-05
7682 7.9e-05
7683 7.9e-05
7684 7.9e-05
7685 7.9e-05
7686 7.9e-05
7687 8.9e-05
7688 8.9e-05
7689 8.9e-05
7690 8.9e-05
7691 8.9e-05
7692 8.9e-05
7693 8.9e-05
7694 8.9e-05
7695 8.9e-05
7696 8.9e-05
7697 8.9e-05
7698 8.9e-05
7699 8.9e-05
7700 8.9e-05
7701 8.9e-05
7702 8.9e-05
7703 8.9e-05
7704 8.9e-05
7705 8.9e-05
7706 8.9e-05
7707 8.9e-05
7708 8.9e-05
7709 8.9e-05
7710 8.9e-05
7711 8.9e-05
7712 8.9e-05
7713 8.9e-05
7714 8.9e-05
7715 8.9e-05
7716 8.9e-05
7717 8.9e-05
7718 8.9e-05
7719 8.9e-05
7720 8.9e-05
7721 8.9e-05
7722 8.9e-05
7723 8.9e-05
7724 8.9e-05
7725 8.9e-05
7726 8.9e-05
7727 8.9e-05
7728 8.9e-05
7729 8.9e-05
7730 8.9e-05
7731 8.9e-05
7732 8.9e-05
7733 8.9e-05
7734 8.9e-05
7735 8.9e-05
7736 8.9e-05
7737 8.9e-05
7738 8.9e-05
7739 8.9e-05
7740 8.9e-05
7741 8.9e-05
7742 8.9e-05
7743 8.9e-05
7744 8.9e-05
7745 9.9e-05
7746 9.9e-05
7747 9.9e-05
7748 9.9e-05
7749 9.9e-05
7750 9.9e-05
7751 9.9e-05
7752 9.9e-05
7753 9.9e-05
7754 9.9e-05
7755 9.9e-05
7756 9.9e-05
7757 9.9e-05
7758 9.9e-05
7759 9.9e-05
7760 9.9e-05
7761 9.9e-05
7762 9.9e-05
7763 9.9e-05
7764 9.9e-05
7765 9.9e-05
7766 9.9e-05
7767 9.9e-05
7768 9.9e-05
7769 9.9e-05
7770 9.9e-05
7771 9.9e-05
7772 9.9e-05
7773 9.9e-05
7774 9.9e-05
7775 9.9e-05
7776 9.9e-05
7777 9.9e-05
7778 9.9e-05
7779 9.9e-05
7780 9.9e-05
7781 9.9e-05
7782 9.9e-05
7783 9.9e-05
7784 9.9e-05
7785 9.9e-05
7786 9.9e-05
7787 9.9e-05
7788 9.9e-05
7789 9.9e-05
7790 9.9e-05
7791 9.9e-05
7792 9.9e-05
7793 9.9e-05
7794 0.000109
7795 0.000109
7796 0.000109
7797 0.000109
7798 0.000109
7799 0.000109
7800 0.000109
7801 0.000109
7802 0.000109
7803 0.000109
7804 0.000109
7805 0.000109
7806 0.000109
7807 0.000109
7808 0.000109
7809 0.000109
7810 0.000109
7811 0.000109
7812 0.000109
7813 0.000109
7814 0.000109
7815 0.000109
7816 0.000109
7817 0.000109
7818 0.000109
7819 0.000109
7820 0.000109
7821 0.000109
7822 0.000109
7823 0.000109
7824 0.000109
7825 0.000109
7826 0.000109
7827 0.000109
7828 0.000109
7829 0.000109
7830 0.000109
7831 0.000109
7832 0.000109
7833 0.000109
7834 0.000109
7835 0.000109
7836 0.000109
7837 0.000109
7838 0.000109
7839 0.000109
7840 0.000109
7841 0.000109
7842 0.000109
7843 0.000109
7844 0.000109
7845 0.000109
7846 0.000109
7847 0.000109
7848 0.000109
7849 0.000109
7850 0.000109
7851 0.000109
7852 0.000109
7853 0.000109
7854 0.000109
7855 0.000109
7856 0.000109
7857 0.000109
7858 0.000109
7859 0.000109
7860 0.000109
7861 0.000109
7862 0.000109
7863 0.000109
7864 0.000109
7865 0.000109
7866 0.000109
7867 0.000109
7868 0.000109
7869 0.000109
7870 0.000109
7871 0.000109
7872 0.000109
7873 0.000109
7874 0.000109
7875 0.000109
7876 0.000109
7877 0.000109
7878 0.000109
7879 0.000109
7880 0.000109
7881 0.000109
7882 0.000109
7883 0.000109
7884 0.000109
7885 0.000109
7886 0.000109
7887 0.000109
7888 0.000109
7889 0.000109
7890 0.000109
7891 0.000109
7892 0.000109
7893 0.000109
7894 0.000109
7895 0.000109
7896 0.000109
7897 0.000109
7898 0.000109
7899 0.000109
7900 0.000109
7901 0.000109
7902 0.000109
7903 0.000109
7904 0.000109
7905 0.000109
7906 0.000109
7907 0.000109
7908 0.000109
7909 0.000109
7910 0.000109
7911 0.000109
7912 0.000109
7913 0.000109
7914 0.000109
7915 0.000109
7916 0.000109
7917 0.000109
7918 0.000109
7919 0.000109
7920 0.000109
7921 0.000109
7922 0.000109
7923 0.000109
7924 0.000109
7925 0.000109
7926 0.000109
7927 0.000109
7928 0.000109
7929 0.000109
7930 0.000109
7931 0.000109
7932 0.000109
7933 0.000109
7934 0.000109
7935 0.000109
7936 0.000109
7937 0.000109
7938 0.000109
7939 0.000109
7940 0.000109
7941 0.000109
7942 0.000109
7943 0.000109
7944 0.000109
7945 0.000109
7946 0.000109
7947 0.000109
7948 0.000109
7949 0.000109
7950 0.000109
7951 0.000109
7952 0.000109
7953 0.000109
7954 0.000109
7955 0.000109
7956 0.000109
7957 0.000109
7958 0.000109
7959 0.000109
7960 0.000109
7961 0.000109
7962 0.000109
7963 0.000109
7964 0.000109
7965 0.000109
7966 0.000109
7967 0.000109
7968 0.000109
7969 0.000109
7970 0.000109
7971 0.000109
7972 0.000109
7973 0.000109
7974 0.000109
7975 0.000109
7976 0.000109
7977 0.000109
7978 0.000109
7979 0.000109
7980 0.000109
7981 0.000109
7982 0.000109
7983 0.000109
7984 0.000109
7985 0.000109
7986 0.000109
7987 0.000109
7988 0.000109
7989 0.000109
7990 0.000109
7991 0.000109
7992 0.000109
7993 0.000109
7994 0.000109
7995 0.000109
7996 0.000109
7997 0.000109
7998 0.000109
7999 0.000109
8000 0.000109
8001 0.000109
8002 0.000109
8003 0.000109
8004 0.000109
8005 0.000109
8006 0.000109
8007 0.000109
8008 0.000109
8009 0.000109
8010 0.000109
8011 0.000109
8012 0.000109
8013 0.000109
8014 0.000109
8015 0.000109
8016 0.000109
8017 0.000109
8018 0.000109
8019 0.000109
8020 0.000109
8021 0.000109
8022 0.000109
8023 0.000109
8024 0.000109
8025 0.000109
8026 0.000109
8027 0.000109
8028 0.000109
8029 0.000109
8030 0.000109
8031 0.000109
8032 0.000109
8033 0.000109
8034 0.000109
8035 0.000109
8036 0.000109
8037 0.000109
8038 0.000109
8039 0.000109
8040 0.000109
8041 0.000109
8042 0.000109
8043 0.000109
8044 0.000109
8045 0.000109
8046 0.000109
8047 0.000109
8048 0.000109
8049 0.000109
8050 0.000109
8051 0.000109
8052 0.000109
8053 0.000109
8054 0.000109
8055 0.000109
8056 0.000109
8057 0.000109
8058 0.000109
8059 0.000109
8060 0.000109
8061 0.000109
8062 0.000109
8063 0.000109
8064 0.000109
8065 0.000109
8066 0.000109
8067 0.000109
8068 0.000109
8069 0.000109
8070 0.000109
8071 0.000109
8072 0.000109
8073 0.000109
8074 0.000109
8075 0.000109
8076 0.000109
8077 0.000109
8078 0.000109
8079 0.000109
8080 0.000109
8081 0.000109
8082 0.000109
8083 0.000109
8084 0.000109
8085 0.000109
8086 0.000109
8087 0.000109
8088 0.000109
8089 0.000109
8090 0.000109
8091 0.000109
8092 0.000109
8093 0.000109
8094 0.000109
8095 0.000109
8096 0.000109
8097 0.000109
8098 0.000109
8099 0.000109
8100 0.000109
8101 0.000109
8102 0.000109
8103 0.000109
8104 0.000109
8105 0.000109
8106 0.000109
8107 0.000109
8108 0.000109
8109 0.000109
8110 0.000109
8111 0.000109
8112 0.000109
8113 0.000109
8114 0.000109
8115 0.000109
8116 0.000109
8117 0.000109
8118 0.000109
8119 0.000109
8120 0.000109
8121 0.000109
8122 0.000109
8123 0.000109
8124 0.000109
8125 0.000109
8126 0.000109
8127 0.000109
8128 0.000109
8129 0.000109
8130 0.000109
8131 0.000109
8132 0.000109
8133 0.000109
8134 0.000109
8135 0.000109
8136 0.000109
8137 0.000109
8138 0.000109
8139 0.000109
8140 0.000109
8141 0.000109
8142 0.000109
8143 0.000109
8144 0.000109
8145 0.000109
8146 0.000109
8147 0.000109
8148 0.000109
8149 0.000109
8150 0.000109
8151 0.000109
8152 0.000109
8153 0.000109
8154 0.000109
8155 0.000109
8156 0.000109
8157 0.000109
8158 0.000109
8159 0.000109
8160 0.000109
8161 0.000109
8162 0.000109
8163 0.000109
8164 0.000109
8165 0.000109
8166 0.000109
8167 0.000109
8168 0.000109
8169 0.000109
8170 0.000109
8171 0.000109
8172 0.000109
8173 0.000109
8174 0.000109
8175 0.000109
8176 0.000109
8177 0.000109
8178 0.000109
8179 0.000109
8180 0.000109
8181 0.000109
8182 0.000109
8183 0.000109
8184 0.000109
8185 0.000109
8186 0.000109
8187 0.000109
8188 0.000109
8189 0.000109
8190 0.000109
8191 0.000109
8192 0.000109
8193 0.00011
8194 0.00011
8195 0.00011
8196 0.00011
8197 0.00011
8198 0.00011
8199 0.00011
8200 0.00011
8201 0.00011
8202 0.00011
8203 0.00011
8204 0.00011
8205 0.00011
8206 0.00011
8207 0.00011
8208 0.00011
8209 0.00011
8210 0.00011
8211 0.00011
8212 0.00011
8213 0.00011
8214 0.00011
8215 0.00011
8216 0.00011
8217 0.00011
8218 0.00011
8219 0.00011
8220 0.00011
8221 0.00011
8222 0.00011
8223 0.00011
8224 0.000111
8225 0.000111
8226 0.000111
8227 0.000111
8228 0.000111
8229 0.000111
8230 0.000111
8231 0.000111
8232 0.000111
8233 0.000111
8234 0.000111
8235 0.000111
8236 0.000111
8237 0.000111
8238 0.000111
8239 0.000111
8240 0.000111
8241 0.000111
8242 0.000111
8243 0.000111
8244 0.000111
8245 0.000111
8246 0.000111
8247 0.000111
8248 0.000111
8249 0.000111
8250 0.000111
8251 0.000111
8252 0.000111
8253 0.000111
8254 0.000111
8255 0.000112
8256 0.000112
8257 0.000112
8258 0.000112
8259 0.000112
8260 0.000112
8261 0.000112
8262 0.000112
8263 0.000112
8264 0.000112
8265 0.000112
8266 0.000112
8267 0.000112
8268 0.000112
8269 0.000112
8270 0.000112
8271 0.000112
8272 0.000112
8273 0.000112
8274 0.000112
8275 0.000112
8276 0.000112
8277 0.000112
8278 0.000112
8279 0.000112
8280 0.000112
8281 0.000112
8282 0.000112
8283 0.000112
8284 0.000112
8285 0.000112
8286 0.000113
8287 0.000113
8288 0.000113
8289 0.000113
8290 0.000113
8291 0.000113
8292 0.000113
8293 0.000113
8294 0.000113
8295 0.000113
8296 0.000113
8297 0.000113
8298 0.000113
8299 0.000113
8300 0.000113
8301 0.000113
8302 0.000113
8303 0.000113
8304 0.000113
8305 0.000113
8306 0.000113
8307 0.000113
8308 0.000113
8309 0.000113
8310 0.000113
8311 0.000113
8312 0.000113
8313 0.000113
8314 0.000113
8315 0.000113
8316 0.000113
8317 0.000113
8318 0.000113
8319 0.000113
8320 0.000113
8321 0.000113
8322 0.000113
8323 0.000113
8324 0.000113
8325 0.000113
8326 0.000113
8327 0.000113
8328 0.000113
8329 0.000113
8330 0.000113
8331 0.000113
8332 0.000113
8333 0.000113
8334 0.000113
8335 0.000113
8336 0.000113
8337 0.000113
8338 0.000113
8339 0.000113
8340 0.000113
8341 0.000113
8342 0.000113
8343 0.000113
8344 0.000113
8345 0.000113
8346 0.000113
8347 0.000113
8348 0.000113
8349 0.000113
8350 0.000113
8351 0.000113
8352 0.000113
8353 0.000113
8354 0.000113
8355 0.000113
8356 0.000113
8357 0.000113
8358 0.000113
8359 0.000113
8360 0.000113
8361 0.000113
8362 0.000113
8363 0.000113
8364 0.000113
8365 0.000113
8366 0.000113
8367 0.000113
8368 0.000113
8369 0.000113
8370 0.000113
8371 0.000113
8372 0.000113
8373 0.000113
8374 0.000113
8375 0.000113
8376 0.000113
8377 0.000113
8378 0.000113
8379 0.000113
8380 0.000113
8381 0.000113
8382 0.000113
8383 0.000113
8384 0.000113
8385 0.000113
8386 0.000113
8387 0.000113
8388 0.000113
8389 0.000113
8390 0.000113
8391 0.000113
8392 0.000113
8393 0.000113
8394 0.000113
8395 0.000113
8396 0.000113
8397 0.000113
8398 0.000113
8399 0.000113
8400 0.000113
8401 0.000113
8402 0.000113
8403 0.000113
8404 0.000113
8405 0.000113
8406 0.000113
8407 0.000114
8408 0.000114
8409 0.000114
8410 0.000114
8411 0.000114
8412 0.000114
8413 0.000114
8414 0.000114
8415 0.000114
8416 0.000114
8417 0.000114
8418 0.000114
8419 0.000114
8420 0.000114
8421 0.000114
8422 0.000114
8423 0.000114
8424 0.000114
8425 0.000114
8426 0.000114
8427 0.000114
8428 0.000114
8429 0.000114
8430 0.000114
8431 0.000114
8432 0.000114
8433 0.000114
8434 0.000114
8435 0.000114
8436 0.000114
8437 0.000114
8438 0.000114
8439 0.000114
8440 0.000114
8441 0.000114
8442 0.000114
8443 0.000114
8444 0.000114
8445 0.000114
8446 0.000114
8447 0.000114
8448 0.000114
8449 0.000114
8450 0.000114
8451 0.000114
8452 0.000114
8453 0.000114
8454 0.000114
8455 0.000114
8456 0.000114
8457 0.000114
8458 0.000114
8459 0.000124
8460 0.000124
8461 0.000124
8462 0.000124
8463 0.000124
8464 0.000124
8465 0.000124
8466 0.000124
8467 0.000124
8468 0.000124
8469 0.000124
8470 0.000124
8471 0.000124
8472 0.000124
8473 0.000124
8474 0.000124
8475 0.000124
8476 0.000124
8477 0.000124
8478 0.000124
8479 0.000124
8480 0.000124
8481 0.000124
8482 0.000124
8483 0.000124
8484 0.000124
8485 0.000124
8486 0.000124
8487 0.000124
8488 0.000124
8489 0.000124
8490 0.000124
8491 0.000124
8492 0.000124
8493 0.000124
8494 0.000124
8495 0.000124
8496 0.000124
8497 0.000124
8498 0.000124
8499 0.000124
8500 0.000124
8501 0.000124
8502 0.000124
8503 0.000124
8504 0.000124
8505 0.000124
8506 0.000124
8507 0.000124
8508 0.000124
8509 0.000124
8510 0.000124
8511 0.000124
8512 0.000124
8513 0.000124
8514 0.000124
8515 0.000124
8516 0.000124
8517 0.000124
8518 0.000124
8519 0.000124
8520 0.000124
8521 0.000124
8522 0.000124
8523 0.000124
8524 0.000124
8525 0.000124
8526 0.000124
8527 0.000124
8528 0.000124
8529 0.000124
8530 0.000124
8531 0.000124
8532 0.000124
8533 0.000124
8534 0.000124
8535 0.000124
8536 0.000124
8537 0.000124
8538 0.000124
8539 0.000124
8540 0.000124
8541 0.000124
8542 0.000124
8543 0.000124
8544 0.000124
8545 0.000124
8546 0.000124
8547 0.000124
8548 0.000124
8549 0.000124
8550 0.000124
8551 0.000124
8552 0.000124
8553 0.000124
8554 0.000124
8555 0.000124
8556 0.000124
8557 0.000124
8558 0.000124
8559 0.000124
8560 0.000124
8561 0.000124
8562 0.000124
8563 0.000124
8564 0.000124
8565 0.000124
8566 0.000124
8567 0.000124
8568 0.000124
8569 0.000124
8570 0.000124
8571 0.000124
8572 0.000124
8573 0.000124
8574 0.000124
8575 0.000124
8576 0.000124
8577 0.000124
8578 0.000124
8579 0.000124
8580 0.000124
8581 0.000124
8582 0.000124
8583 0.000124
8584 0.000124
8585 0.000124
8586 0.000124
8587 0.000124
8588 0.000124
8589 0.000124
8590 0.000124
8591 0.000124
8592 0.000124
8593 0.000124
8594 0.000124
8595 0.000124
8596 0.000124
8597 0.000124
8598 0.000124
8599 0.000124
8600 0.000124
8601 0.000124
8602 0.000124
8603 0.000124
8604 0.000124
8605 0.000124
8606 0.000124
8607 0.000124
8608 0.000124
8609 0.000124
8610 0.000124
8611 0.000124
8612 0.000124
8613 0.000124
8614 0.000124
8615 0.000124
8616 0.000124
8617 0.000124
8618 0.000124
8619 0.000124
8620 0.000124
8621 0.000124
8622 0.000124
8623 0.000124
8624 0.000124
8625 0.000124
8626 0.000124
8627 0.000124
8628 0.000124
8629 0.000124
8630 0.000124
8631 0.000124
8632 0.000124
8633 0.000124
8634 0.000124
8635 0.000124
8636 0.000124
8637 0.000124
8638 0.000124
8639 0.000124
8640 0.000124
8641 0.000124
8642 0.000124
8643 0.000124
8644 0.000124
8645 0.000124
8646 0.000124
8647 0.000124
8648 0.000124
8649 0.000124
8650 0.000124
8651 0.000124
8652 0.000124
8653 0.000124
8654 0.000124
8655 0.000124
8656 0.000124
8657 0.000124
8658 0.000124
8659 0.000124
8660 0.000124
8661 0.000124
8662 0.000124
8663 0.000124
8664 0.000124
8665 0.000124
8666 0.000124
8667 0.000124
8668 0.000124
8669 0.000124
8670 0.000124
8671 0.000124
8672 0.000124
8673 0.000124
8674 0.000124
8675 0.000124
8676 0.000124
8677 0.000124
8678 0.000124
8679 0.000124
8680 0.000124
8681 0.000124
8682 0.000124
8683 0.000124
8684 0.000124
8685 0.000124
8686 0.000124
8687 0.000124
8688 0.000124
8689 0.000124
8690 0.000124
8691 0.000124
8692 0.000124
8693 0.000124
8694 0.000124
8695 0.000124
8696 0.000124
8697 0.000124
8698 0.000124
8699 0.000124
8700 0.000124
8701 0.000124
8702 0.000124
8703 0.000124
8704 0.000124
8705 0.000124
8706 0.000124
8707 0.000124
8708 0.000124
8709 0.000124
8710 0.000124
8711 0.000124
8712 0.000124
8713 0.000124
8714 0.000124
8715 0.000124
8716 0.000124
8717 0.000124
8718 0.000124
8719 0.000124
8720 0.000124
8721 0.000124
8722 0.000124
8723 0.000124
8724 0.000124
8725 0.000124
8726 0.000124
8727 0.000124
8728 0.000124
8729 0.000124
8730 0.000124
8731 0.000124
8732 0.000124
8733 0.000124
8734 0.000124
8735 0.000124
8736 0.000124
8737 0.000124
8738 0.000124
8739 0.000124
8740 0.000124
8741 0.000124
8742 0.000124
8743 0.000124
8744 0.000124
8745 0.000124
8746 0.000124
8747 0.000124
8748 0.000124
8749 0.000124
8750 0.000124
8751 0.000124
8752 0.000124
8753 0.000124
8754 0.000124
8755 0.000124
8756 0.000124
8757 0.000124
8758 0.000124
8759 0.000124
8760 0.000124
8761 0.000124
8762 0.000124
8763 0.000124
8764 0.000124
8765 0.000124
8766 0.000124
8767 0.000124
8768 0.000124
8769 0.000124
8770 0.000124
8771 0.000124
8772 0.000124
8773 0.000124
8774 0.000124
8775 0.000124
8776 0.000124
8777 0.000124
8778 0.000124
8779 0.000124
8780 0.000124
8781 0.000124
8782 0.000124
8783 0.000124
8784 0.000124
8785 0.000124
8786 0.000124
8787 0.000124
8788 0.000124
8789 0.000124
8790 0.000124
8791 0.000124
8792 0.000124
8793 0.000124
8794 0.000124
8795 0.000124
8796 0.000124
8797 0.000124
8798 0.000124
8799 0.000124
8800 0.000124
8801 0.000124
8802 0.000124
8803 0.000124
8804 0.000124
8805 0.000124
8806 0.000124
8807 0.000124
8808 0.000124
8809 0.000124
8810 0.000124
8811 0.000124
8812 0.000124
8813 0.000124
8814 0.000124
8815 0.000124
8816 0.000124
8817 0.000124
8818 0.000124
8819 0.000124
8820 0.000124
8821 0.000124
8822 0.000124
8823 0.000124
8824 0.000124
8825 0.000124
8826 0.000124
8827 0.000124
8828 0.000124
8829 0.000124
8830 0.000124
8831 0.000124
8832 0.000124
8833 0.000124
8834 0.000124
8835 0.000124
8836 0.000124
8837 0.000124
8838 0.000124
8839 0.000124
8840 0.000124
8841 0.000124
8842 0.000124
8843 0.000124
8844 0.000124
8845 0.000124
8846 0.000124
8847 0.000124
8848 0.000124
8849 0.000124
8850 0.000124
8851 0.000124
8852 0.000124
8853 0.000124
8854 0.000124
8855 0.000124
8856 0.000124
8857 0.000124
8858 0.000124
8859 0.000124
8860 0.000124
8861 0.000124
8862 0.000124
8863 0.000124
8864 0.000124
8865 0.000124
8866 0.000124
8867 0.000124
8868 0.000124
8869 0.000124
8870 0.000124
8871 0.000124
8872 0.000124
8873 0.000124
8874 0.000124
8875 0.000124
8876 0.000124
8877 0.000124
8878 0.000124
8879 0.000124
8880 0.000124
8881 0.000124
8882 0.000124
8883 0.000124
8884 0.000124
8885 0.000124
8886 0.000124
8887 0.000124
8888 0.000124
8889 0.000124
8890 0.000124
8891 0.000124
8892 0.000124
8893 0.000124
8894 0.000124
8895 0.000124
8896 0.000124
8897 0.000124
8898 0.000124
8899 0.000124
8900 0.000124
8901 0.000124
8902 0.000124
8903 0.000124
8904 0.000124
8905 0.000124
8906 0.000124
8907 0.000124
8908 0.000124
8909 0.000124
8910 0.000124
8911 0.000124
8912 0.000124
8913 0.000124
8914 0.000124
8915 0.000124
8916 0.000124
8917 0.000124
8918 0.000124
8919 0.000124
8920 0.000124
8921 0.000124
8922 0.000124
8923 0.000124
8924 0.000124
8925 0.000124
8926 0.000124
8927 0.000124
8928 0.000124
8929 0.000124
8930 0.000124
8931 0.000124
8932 0.000124
8933 0.000124
8934 0.000124
8935 0.000124
8936 0.000124
8937 0.000124
8938 0.000124
8939 0.000124
8940 0.000124
8941 0.000124
8942 1.000124
8943 1.000124
8944 1.000124
8945 1.000124
8946 1.000124
8947 1.000124
8948 1.000124
8949 1.000124
8950 1.000124
8951 1.000124
8952 1.000124
8953 1.000124
8954 1.000124
8955 1.000124
8956 1.000124
8957 1.000124
8958 1.000124
8959 1.000124
8960 1.000124
8961 1.000124
8962 1.000124
8963 1.000124
8964 1.000124
8965 1.000124
8966 1.000124
8967 1.000124
8968 1.000124
8969 1.000124
8970 1.000124
8971 1.000124
8972 1.000124
8973 1.000124
8974 1.000124
8975 1.000124
8976 1.000124
8977 1.000124
8978 1.000124
8979 1.000124
8980 1.000124
8981 1.000124
8982 1.000124
8983 1.000124
8984 1.000124
8985 1.000124
8986 1.000124
8987 1.000124
8988 1.000124
8989 1.000124
8990 1.000124
8991 1.000124
8992 1.000124
8993 1.000124
8994 1.000124
8995 1.000124
8996 1.000124
8997 1.000124
8998 1.000124
8999 1.000124
9000 1.000124
9001 1.000124
